0 0.1203125 0.4203125 0.0390625 0.046875
0 0.221875 0.384375 0.021875 0.034375
0 0.26796875 0.47734375 0.0328125 0.0515625
0 0.3609375 0.5453125 0.046875 0.0546875
0 0.615625 0.5625 0.046875 0.0640625
0 0.4640625 0.6390625 0.040625 0.0328125
0 0.42109375 0.646875 0.0328125 0.0296875
0 0.21328125 0.60078125 0.040625 0.0390625
0 0.26171875 0.5484375 0.0328125 0.0453125
0 0.20546875 0.5515625 0.03125 0.04375
0 0.065625 0.55859375 0.03125 0.0484375
0 0.0984375 0.55234375 0.0421875 0.053125
0 0.10390625 0.51484375 0.04375 0.040625
0 0.0953125 0.45390625 0.0359375 0.0359375
0 0.14375 0.47109375 0.046875 0.0515625
0 0.171875 0.50390625 0.034375 0.04375
0 0.56328125 0.70234375 0.0421875 0.0609375
0 0.6484375 0.7609375 0.046875 0.05625
0 0.68046875 0.8046875 0.025 0.0375
0 0.7609375 0.815625 0.0421875 0.0515625
0 0.80390625 0.86171875 0.0390625 0.0578125
0 0.92734375 0.940625 0.034375 0.0484375
0 0.89921875 0.98828125 0.0453125 0.0234375
0 0.44609375 0.70703125 0.025 0.034375
0 0.4703125 0.6828125 0.03125 0.0375
0 0.5078125 0.7203125 0.040625 0.0578125