0 0.43515625 0.6828125 0.05 0.0421875
0 0.528125 0.6765625 0.0546875 0.059375
0 0.26640625 0.5359375 0.0359375 0.05625
0 0.2296875 0.628125 0.0484375 0.05625
0 0.25859375 0.80546875 0.0578125 0.0484375
0 0.62421875 0.9125 0.034375 0.06875
0 0.91875 0.68828125 0.05625 0.040625
0 0.45703125 0.2203125 0.0484375 0.0640625
0 0.50625 0.44765625 0.053125 0.05625
0 0.75234375 0.496875 0.08125 0.0546875
0 0.175 0.7109375 0.0609375 0.046875
0 0.7890625 0.3515625 0.059375 0.0609375
0 0.16953125 0.84921875 0.0890625 0.040625
0 0.96953125 0.703125 0.0609375 0.06875
0 0.04921875 0.815625 0.0546875 0.0609375
0 0.0734375 0.6734375 0.075 0.0703125
0 0.26875 0.8890625 0.0828125 0.0671875
0 0.7953125 0.87109375 0.0828125 0.065625
0 0.31640625 0.44921875 0.090625 0.0640625
0 0.4703125 0.33203125 0.096875 0.0578125
0 0.521875 0.73125 0.05625 0.034375
0 0.575 0.72890625 0.053125 0.0546875
0 0.55546875 0.86484375 0.0546875 0.040625
0 0.628125 0.8375 0.059375 0.0328125
0 0.58203125 0.80859375 0.0578125 0.0546875
0 0.41875 0.82265625 0.065625 0.071875
0 0.36328125 0.81875 0.0625 0.04375
0 0.340625 0.77421875 0.06875 0.071875
0 0.64609375 0.73359375 0.0453125 0.05
0 0.69296875 0.7375 0.0421875 0.0359375
0 0.33359375 0.67578125 0.0484375 0.034375