0 0.31171875 0.13515625 0.0609375 0.05625
0 0.50234375 0.17421875 0.0703125 0.090625
0 0.6359375 0.32421875 0.0703125 0.0890625
0 0.43515625 0.25703125 0.0625 0.06875
0 0.75078125 0.55546875 0.0625 0.078125
0 0.91796875 0.6609375 0.0640625 0.0890625
0 0.53046875 0.4234375 0.046875 0.0578125
0 0.25703125 0.3421875 0.046875 0.0625
0 0.14140625 0.44375 0.0515625 0.0734375
0 0.69765625 0.81953125 0.0515625 0.0859375
0 0.04765625 0.76484375 0.05625 0.0859375
0 0.36875 0.43203125 0.05625 0.071875
0 0.2515625 0.41953125 0.0515625 0.05625
0 0.32734375 0.5140625 0.0625 0.0765625
0 0.3390625 0.5859375 0.0546875 0.0671875
0 0.45859375 0.62890625 0.0578125 0.0671875
0 0.4203125 0.5421875 0.0546875 0.0796875
0 0.47890625 0.5421875 0.05 0.0796875
0 0.44375 0.37109375 0.05625 0.08125
0 0.384375 0.359375 0.046875 0.0765625
0 0.34140625 0.365625 0.0578125 0.0640625
0 0.12265625 0.71875 0.0453125 0.05625
0 0.6453125 0.70078125 0.059375 0.078125
0 0.68984375 0.62578125 0.0421875 0.08125
0 0.659375 0.60078125 0.046875 0.078125
0 0.6078125 0.51875 0.040625 0.0609375
0 0.5875 0.45234375 0.046875 0.071875
0 0.4765625 0.43125 0.0515625 0.0609375
0 0.4890625 0.4875 0.059375 0.05625
0 0.5171875 0.671875 0.05625 0.084375
0 0.52578125 0.74375 0.05 0.0609375
0 0.5796875 0.7625 0.0578125 0.0703125
0 0.6140625 0.8984375 0.05625 0.0859375
0 0.58203125 0.83359375 0.04375 0.08125
0 0.15 0.34765625 0.040625 0.0640625
0 0.1140625 0.646875 0.0375 0.065625
0 0.396875 0.69921875 0.05625 0.0578125
0 0.246875 0.51953125 0.040625 0.0515625
0 0.25078125 0.55078125 0.0328125 0.03125
0 0.240625 0.67734375 0.0453125 0.0515625
0 0.3 0.684375 0.0421875 0.0515625
0 0.33125 0.70703125 0.0421875 0.0796875
0 0.23828125 0.5953125 0.05 0.0625
0 0.2375 0.6375 0.053125 0.0421875
0 0.1625 0.24765625 0.0578125 0.078125
0 0.146875 0.28828125 0.046875 0.0390625
0 0.17890625 0.34453125 0.034375 0.0625
0 0.159375 0.64609375 0.04375 0.0921875
0 0.1375 0.621875 0.028125 0.046875
0 0.54765625 0.8234375 0.0453125 0.0546875
0 0.40390625 0.7609375 0.0453125 0.0578125
0 0.37109375 0.771875 0.040625 0.0671875
0 0.09375 0.34765625 0.05625 0.078125
0 0.11953125 0.79609375 0.0609375 0.084375