0 0.1125 0.6484375 0.05 0.046875
0 0.34296875 0.55234375 0.059375 0.04375
0 0.2421875 0.63203125 0.053125 0.0265625
0 0.36015625 0.61328125 0.0578125 0.03125
0 0.240625 0.66171875 0.05 0.0265625
0 0.28125 0.66484375 0.0453125 0.021875
0 0.2375 0.75625 0.059375 0.0546875
0 0.37265625 0.87578125 0.05 0.0546875
0 0.57890625 0.97265625 0.03125 0.0265625
0 0.7140625 0.8390625 0.0671875 0.040625
0 0.83125 0.8375 0.05625 0.0609375
0 0.8609375 0.75078125 0.0328125 0.046875
0 0.859375 0.70703125 0.0328125 0.0234375
0 0.8453125 0.65 0.0375 0.028125
0 0.8875 0.55078125 0.059375 0.046875
0 0.7953125 0.509375 0.0515625 0.034375
0 0.65234375 0.5515625 0.03125 0.0375
0 0.60546875 0.5703125 0.0421875 0.034375
0 0.52265625 0.546875 0.0359375 0.0328125
0 0.49921875 0.56171875 0.03125 0.028125
0 0.47734375 0.61015625 0.0546875 0.03125
0 0.48671875 0.65390625 0.0640625 0.0234375
0 0.5625 0.64296875 0.05 0.0390625
0 0.4984375 0.76484375 0.0390625 0.0296875
0 0.6140625 0.7671875 0.0390625 0.0421875
0 0.71171875 0.7203125 0.053125 0.0375
0 0.73828125 0.65859375 0.0390625 0.040625
0 0.81015625 0.725 0.028125 0.0375
0 0.78515625 0.6109375 0.0453125 0.03125
0 0.70703125 0.59765625 0.0375 0.03125
0 0.43359375 0.7171875 0.0265625 0.0328125
0 0.4109375 0.725 0.0359375 0.028125
0 0.81015625 0.54296875 0.028125 0.025
0 0.78515625 0.559375 0.025 0.0234375