0 0.13359375 0.69453125 0.0546875 0.053125
0 0.35078125 0.57109375 0.0640625 0.05
0 0.26015625 0.6625 0.05625 0.0328125
0 0.375 0.6296875 0.0609375 0.0375
0 0.2625 0.6921875 0.053125 0.0328125
0 0.303125 0.690625 0.046875 0.0265625
0 0.2703125 0.78671875 0.065625 0.0609375
0 0.41953125 0.88828125 0.05625 0.0609375
0 0.6359375 0.959375 0.034375 0.0296875
0 0.75390625 0.81015625 0.071875 0.0484375
0 0.86953125 0.79453125 0.0625 0.0671875
0 0.8890625 0.7046875 0.0375 0.05
0 0.88203125 0.66171875 0.0359375 0.0265625
0 0.8609375 0.60703125 0.040625 0.0328125
0 0.890625 0.503125 0.0640625 0.053125
0 0.79453125 0.4734375 0.0546875 0.040625
0 0.6578125 0.5328125 0.0359375 0.040625
0 0.61328125 0.55703125 0.0453125 0.0390625
0 0.528125 0.54375 0.0390625 0.0375
0 0.50703125 0.56171875 0.034375 0.03125
0 0.490625 0.61171875 0.0578125 0.0375
0 0.50546875 0.6546875 0.0671875 0.03125
0 0.5796875 0.634375 0.0546875 0.0453125
0 0.53046875 0.76328125 0.0421875 0.034375
0 0.64609375 0.7515625 0.04375 0.046875
0 0.73671875 0.69296875 0.0578125 0.04375
0 0.75546875 0.628125 0.04375 0.0453125
0 0.83515625 0.68515625 0.0328125 0.040625
0 0.796875 0.575 0.0484375 0.0359375
0 0.7171875 0.571875 0.040625 0.0359375
0 0.4609375 0.7234375 0.0296875 0.0359375
0 0.4390625 0.734375 0.0390625 0.0328125
0 0.81328125 0.5046875 0.03125 0.028125
0 0.790625 0.52421875 0.028125 0.0265625