0 0.6265625 0.275 0.0625 0.0796875
0 0.521875 0.27421875 0.05 0.0765625
0 0.12421875 0.1859375 0.0625 0.0734375
0 0.29765625 0.35234375 0.0625 0.0828125
0 0.33828125 0.30859375 0.0546875 0.071875
0 0.4015625 0.3109375 0.0515625 0.0734375
0 0.43984375 0.2984375 0.04375 0.075
0 0.478125 0.34609375 0.04375 0.04375
0 0.48515625 0.3125 0.0421875 0.040625
0 0.64375 0.42578125 0.0671875 0.0703125
0 0.5984375 0.46953125 0.0578125 0.06875
0 0.74765625 0.509375 0.071875 0.0703125
0 0.90078125 0.559375 0.0765625 0.078125
0 0.8484375 0.746875 0.0765625 0.090625
0 0.71640625 0.646875 0.0796875 0.0796875
0 0.58359375 0.58359375 0.071875 0.0625
0 0.50234375 0.4578125 0.0765625 0.0828125
0 0.45 0.5140625 0.0546875 0.075
0 0.378125 0.546875 0.0546875 0.0671875
0 0.0984375 0.5703125 0.0765625 0.0859375
0 0.0453125 0.60625 0.0578125 0.0765625
0 0.04921875 0.765625 0.0484375 0.071875
0 0.16796875 0.72421875 0.0671875 0.0703125
0 0.17890625 0.771875 0.053125 0.0375
0 0.19375 0.88515625 0.0859375 0.084375
0 0.1640625 0.81953125 0.0671875 0.06875
0 0.27734375 0.8 0.0375 0.046875
0 0.29921875 0.76953125 0.0328125 0.0375
0 0.33046875 0.85625 0.0703125 0.071875
0 0.27734375 0.975 0.0578125 0.05
0 0.39453125 0.9703125 0.0734375 0.059375
0 0.46328125 0.8109375 0.0578125 0.0671875
0 0.42734375 0.86640625 0.059375 0.0875
0 0.5109375 0.92890625 0.0734375 0.0890625
0 0.58671875 0.96171875 0.0625 0.06875
0 0.6546875 0.9421875 0.0578125 0.0734375
0 0.64296875 0.75546875 0.0546875 0.071875
0 0.57578125 0.70390625 0.0734375 0.090625
0 0.50859375 0.65390625 0.053125 0.05
0 0.51953125 0.7046875 0.0515625 0.065625
0 0.703125 0.72578125 0.0453125 0.0671875
0 0.20078125 0.40234375 0.0484375 0.065625
0 0.13125 0.4703125 0.0671875 0.065625
0 0.30859375 0.575 0.06875 0.08125
0 0.253125 0.54453125 0.0625 0.0734375
0 0.2328125 0.4828125 0.0609375 0.06875
0 0.1734375 0.4421875 0.059375 0.06875