0 0.46953125 0.07578125 0.1234375 0.084375
0 0.5796875 0.109375 0.1078125 0.0734375
0 0.94296875 0.26796875 0.0890625 0.06875
0 0.675 0.2046875 0.1078125 0.05
0 0.78984375 0.27734375 0.0875 0.06875
0 0.78671875 0.35234375 0.103125 0.0515625
0 0.7125 0.30625 0.075 0.0515625
0 0.6171875 0.43828125 0.0875 0.0890625
0 0.44921875 0.2109375 0.1125 0.090625
0 0.19140625 0.2796875 0.1046875 0.0578125
0 0.046875 0.27578125 0.0875 0.0703125
0 0.128125 0.3765625 0.1109375 0.0796875
0 0.29453125 0.334375 0.08125 0.0609375
0 0.23671875 0.45703125 0.0953125 0.0578125
0 0.41484375 0.49765625 0.0875 0.0515625
0 0.45390625 0.4453125 0.0890625 0.0796875
0 0.46796875 0.28359375 0.1 0.0640625
0 0.315625 0.38359375 0.1109375 0.0484375
0 0.49921875 0.3421875 0.090625 0.040625
0 0.615625 0.3265625 0.084375 0.053125
0 0.55546875 0.31875 0.05 0.053125
0 0.79296875 0.1375 0.078125 0.0671875
0 0.86640625 0.16015625 0.08125 0.0609375