0 0.33671875 0.11875 0.09375 0.146875
0 0.54296875 0.15703125 0.08125 0.1453125
0 0.93125 0.384375 0.0875 0.159375
0 0.71640625 0.590625 0.084375 0.128125
0 0.5046875 0.61484375 0.065625 0.125
0 0.58125 0.73671875 0.0890625 0.1453125
0 0.7109375 0.86015625 0.096875 0.134375
0 0.8234375 0.82578125 0.078125 0.1171875
0 0.1265625 0.88359375 0.09375 0.14375
0 0.403125 0.8609375 0.084375 0.096875
0 0.36328125 0.7015625 0.078125 0.146875
0 0.23671875 0.7 0.0921875 0.0875
0 0.2859375 0.78671875 0.0953125 0.1328125
0 0.2140625 0.484375 0.0625 0.1328125
0 0.6296875 0.37421875 0.065625 0.128125
0 0.64921875 0.27109375 0.065625 0.1140625
0 0.7125 0.27109375 0.075 0.1078125
0 0.75859375 0.40390625 0.0671875 0.13125
0 0.44296875 0.74296875 0.0875 0.1515625