0 0.06640625 0.32734375 0.025 0.0296875
0 0.4765625 0.28671875 0.0203125 0.0359375
0 0.5015625 0.27578125 0.0234375 0.0359375
0 0.73125 0.38515625 0.0296875 0.0515625
0 0.62734375 0.48203125 0.028125 0.0328125
0 0.59140625 0.49453125 0.025 0.0390625
0 0.53125 0.45546875 0.0203125 0.0359375
0 0.534375 0.4921875 0.028125 0.03125
0 0.4828125 0.465625 0.021875 0.0265625
0 0.50078125 0.39609375 0.0265625 0.04375
0 0.45859375 0.41171875 0.0203125 0.0296875
0 0.44296875 0.43359375 0.015625 0.0375
0 0.4171875 0.32109375 0.0265625 0.0390625
0 0.36328125 0.35390625 0.021875 0.0234375