0 0.74765625 0.334375 0.0328125 0.0390625
0 0.77109375 0.3703125 0.028125 0.0375
0 0.80234375 0.40546875 0.04375 0.04375
0 0.75234375 0.4328125 0.0375 0.0421875
0 0.69921875 0.44765625 0.0265625 0.03125
0 0.6578125 0.46171875 0.034375 0.03125
0 0.62734375 0.49921875 0.0234375 0.0296875
0 0.59296875 0.509375 0.028125 0.046875
0 0.56015625 0.5375 0.028125 0.0359375
0 0.528125 0.55703125 0.0296875 0.0375
0 0.49765625 0.5875 0.025 0.034375
0 0.45703125 0.590625 0.0296875 0.0390625
0 0.421875 0.60859375 0.0265625 0.040625
0 0.36640625 0.590625 0.028125 0.0421875
0 0.3203125 0.5921875 0.028125 0.0390625
0 0.27109375 0.59453125 0.03125 0.0390625
0 0.22265625 0.6015625 0.0265625 0.0390625
0 0.190625 0.6109375 0.0265625 0.0390625