0 0.53515625 0.54375 0.0265625 0.015625
0 0.52890625 0.565625 0.0359375 0.0109375
0 0.515625 0.5859375 0.0265625 0.0125
0 0.45703125 0.59296875 0.03125 0.0171875
0 0.47265625 0.6078125 0.0296875 0.0171875
0 0.5171875 0.615625 0.034375 0.0125
0 0.56171875 0.60390625 0.03125 0.015625
0 0.5875 0.5609375 0.021875 0.015625
0 0.6359375 0.56875 0.028125 0.01875
0 0.65234375 0.5828125 0.0296875 0.01875
0 0.44140625 0.62109375 0.03125 0.0171875
0 0.45390625 0.64140625 0.028125 0.0140625
0 0.3984375 0.6234375 0.03125 0.015625
0 0.3828125 0.665625 0.0234375 0.015625
0 0.43125 0.68359375 0.034375 0.015625