0 0.75234375 0.20546875 0.0703125 0.0421875
0 0.496875 0.303125 0.084375 0.0453125
0 0.61875 0.33984375 0.065625 0.0328125
0 0.84375 0.35 0.053125 0.034375
0 0.56171875 0.3671875 0.0484375 0.034375
0 0.61171875 0.36796875 0.053125 0.0296875
0 0.77734375 0.365625 0.046875 0.0296875
0 0.61171875 0.43125 0.0390625 0.034375
0 0.32578125 0.53671875 0.0546875 0.034375
0 0.40859375 0.534375 0.0421875 0.0359375
0 0.09921875 0.65625 0.053125 0.05
0 0.07421875 0.81953125 0.0484375 0.046875
0 0.2546875 0.6953125 0.0609375 0.034375
0 0.33359375 0.6625 0.0546875 0.03125
0 0.44453125 0.61015625 0.0609375 0.040625
0 0.43203125 0.78203125 0.0453125 0.025
0 0.45 0.796875 0.0546875 0.0328125
0 0.53515625 0.7515625 0.059375 0.0421875
0 0.6203125 0.72109375 0.0421875 0.028125
0 0.67890625 0.7265625 0.0453125 0.0234375
0 0.64609375 0.68828125 0.0390625 0.0328125
0 0.5828125 0.56171875 0.0484375 0.034375
0 0.603125 0.53203125 0.0390625 0.0328125
0 0.6546875 0.51796875 0.0546875 0.0328125
0 0.6984375 0.48046875 0.0578125 0.0484375
0 0.75546875 0.48203125 0.0625 0.034375
0 0.7203125 0.559375 0.0609375 0.034375
0 0.67734375 0.5890625 0.0671875 0.03125
0 0.68203125 0.61484375 0.059375 0.0296875
0 0.6890625 0.64765625 0.0421875 0.025
0 0.7109375 0.68125 0.040625 0.0375
0 0.75 0.63515625 0.046875 0.0359375
0 0.86796875 0.58125 0.046875 0.0328125
0 0.9296875 0.48125 0.0515625 0.0375
0 0.89140625 0.44453125 0.040625 0.0203125
0 0.88203125 0.428125 0.04375 0.0265625
0 0.8375 0.44609375 0.0375 0.028125
0 0.8046875 0.4234375 0.0484375 0.0296875
0 0.765625 0.39453125 0.0390625 0.0359375