0 0.6546875 0.48125 0.0609375 0.10625
0 0.58984375 0.53046875 0.06875 0.1015625
0 0.49375 0.40859375 0.0703125 0.115625
0 0.40859375 0.60078125 0.046875 0.0625
0 0.37578125 0.67578125 0.046875 0.0734375
0 0.334375 0.6921875 0.0484375 0.06875
0 0.30546875 0.77265625 0.04375 0.065625
0 0.278125 0.775 0.0421875 0.065625
0 0.26171875 0.853125 0.0515625 0.078125
0 0.18046875 0.83515625 0.0609375 0.1046875
0 0.11796875 0.9171875 0.0578125 0.0828125
0 0.0328125 0.9390625 0.0546875 0.0765625
0 0.0984375 0.34453125 0.065625 0.0953125
0 0.1625 0.078125 0.08125 0.1078125
0 0.053125 0.025 0.059375 0.05
0 0.39296875 0.35 0.0734375 0.096875
0 0.3203125 0.48515625 0.0734375 0.05625
0 0.271875 0.5484375 0.0640625 0.078125
0 0.325 0.55625 0.0484375 0.0859375
0 0.2765625 0.259375 0.0484375 0.1046875
0 0.321875 0.2921875 0.0625 0.096875