0 0.5046875 0.4734375 0.0734375 0.06875
0 0.48125 0.534375 0.0609375 0.0421875
0 0.41640625 0.57265625 0.05625 0.0375
0 0.421875 0.609375 0.0640625 0.0421875
0 0.36875 0.6234375 0.0578125 0.0421875
0 0.31015625 0.66953125 0.0609375 0.0421875
0 0.25 0.6875 0.0484375 0.0390625
0 0.2765625 0.7171875 0.05 0.046875
0 0.1078125 0.80859375 0.0609375 0.0421875
0 0.08828125 0.86328125 0.0515625 0.0515625
0 0.1046875 0.91484375 0.0609375 0.0453125
0 0.13515625 0.84296875 0.0453125 0.034375
0 0.18203125 0.86484375 0.046875 0.0390625
0 0.22265625 0.828125 0.05 0.04375
0 0.18671875 0.7875 0.0609375 0.05
0 0.24375 0.753125 0.0578125 0.0515625
0 0.27890625 0.7828125 0.0609375 0.034375
0 0.3484375 0.759375 0.0546875 0.0375
0 0.4046875 0.71875 0.0640625 0.0578125
0 0.45390625 0.66328125 0.0734375 0.05
0 0.35390625 0.68671875 0.0546875 0.0359375
0 0.55703125 0.39609375 0.05625 0.0578125
0 0.59140625 0.325 0.078125 0.0640625
0 0.57421875 0.453125 0.078125 0.0609375
0 0.65546875 0.36953125 0.0625 0.0515625
0 0.64296875 0.4328125 0.0578125 0.059375
0 0.6859375 0.43671875 0.0359375 0.0515625
0 0.740625 0.39921875 0.0859375 0.05625
0 0.709375 0.33828125 0.053125 0.053125
0 0.7546875 0.32890625 0.046875 0.0578125
0 0.84453125 0.3828125 0.075 0.075
0 0.78359375 0.44609375 0.0625 0.0484375
0 0.7625 0.49296875 0.0671875 0.04375
0 0.84765625 0.5296875 0.06875 0.0546875
0 0.7890625 0.5390625 0.05625 0.0453125
0 0.78828125 0.5890625 0.0703125 0.0421875
0 0.83515625 0.64375 0.065625 0.0359375
0 0.88828125 0.7453125 0.0671875 0.0484375
0 0.79609375 0.73046875 0.040625 0.0328125
0 0.74375 0.69765625 0.059375 0.0421875
0 0.75546875 0.778125 0.0625 0.05
0 0.815625 0.7828125 0.0546875 0.04375
0 0.76875 0.82265625 0.05 0.0578125
0 0.81171875 0.88125 0.0625 0.0328125
0 0.8421875 0.9125 0.0578125 0.0484375
0 0.68046875 0.28125 0.08125 0.0703125
0 0.7078125 0.19921875 0.06875 0.0515625
0 0.74765625 0.22734375 0.0578125 0.0453125
0 0.83203125 0.12578125 0.1078125 0.075