0 0.3265625 0.6640625 0.046875 0.046875
0 0.40390625 0.609375 0.034375 0.0515625
0 0.45703125 0.6453125 0.0296875 0.0421875
0 0.48125 0.74609375 0.028125 0.03125
0 0.4671875 0.82265625 0.0359375 0.0328125
0 0.40859375 0.91328125 0.0453125 0.0453125
0 0.553125 0.63046875 0.0328125 0.0421875
0 0.58359375 0.5484375 0.0296875 0.0375
0 0.6109375 0.59140625 0.01875 0.028125
0 0.62578125 0.609375 0.0328125 0.0328125
0 0.6171875 0.63828125 0.0359375 0.028125
0 0.58125 0.68828125 0.03125 0.0359375
0 0.66875 0.65234375 0.025 0.028125
0 0.71640625 0.63828125 0.0265625 0.03125
0 0.778125 0.6453125 0.028125 0.028125
0 0.7109375 0.52734375 0.0234375 0.0375
0 0.74921875 0.50390625 0.0296875 0.0453125
0 0.77734375 0.49609375 0.03125 0.0515625
0 0.81015625 0.425 0.034375 0.04375
0 0.9234375 0.45703125 0.03125 0.0390625
0 0.84140625 0.5390625 0.03125 0.034375