0 0.078125 0.11484375 0.071875 0.03125
0 0.15859375 0.24921875 0.071875 0.03125
0 0.18828125 0.290625 0.0796875 0.0265625
0 0.2046875 0.33984375 0.08125 0.040625
0 0.2953125 0.3625 0.0875 0.0296875
0 0.36640625 0.41875 0.059375 0.046875
0 0.43828125 0.42734375 0.0796875 0.034375
0 0.38359375 0.4796875 0.071875 0.034375
0 0.403125 0.5109375 0.0796875 0.0296875
0 0.49453125 0.53359375 0.06875 0.0234375
0 0.546875 0.55859375 0.0859375 0.0203125
0 0.59296875 0.596875 0.075 0.01875
0 0.62421875 0.62890625 0.1046875 0.025
0 0.64453125 0.690625 0.0671875 0.03125
0 0.690625 0.7328125 0.0546875 0.01875
0 0.71484375 0.75703125 0.0546875 0.0203125
0 0.77734375 0.7734375 0.05625 0.0140625
0 0.8765625 0.8125 0.053125 0.015625
0 0.73828125 0.82265625 0.0515625 0.01875
0 0.81953125 0.8375 0.05625 0.015625
0 0.7734375 0.8578125 0.05 0.0171875