0 0.528125 0.325 0.0328125 0.040625
0 0.4640625 0.33515625 0.021875 0.03125
0 0.2609375 0.34296875 0.0328125 0.040625
0 0.371875 0.38125 0.0390625 0.0390625
0 0.40546875 0.3734375 0.028125 0.046875
0 0.4390625 0.3828125 0.0390625 0.0375
0 0.43828125 0.4234375 0.0328125 0.028125
0 0.496875 0.41640625 0.034375 0.0375
0 0.471875 0.45078125 0.0359375 0.0359375
0 0.48671875 0.4890625 0.040625 0.0390625
0 0.60390625 0.5828125 0.0328125 0.0375
0 0.49296875 0.584375 0.0359375 0.0296875
0 0.47890625 0.528125 0.0296875 0.034375
0 0.45234375 0.53359375 0.03125 0.03125
0 0.4328125 0.67265625 0.05 0.05
0 0.34921875 0.54375 0.0453125 0.0578125
0 0.3046875 0.503125 0.053125 0.0453125
0 0.38515625 0.43359375 0.03125 0.0328125
0 0.39375 0.484375 0.025 0.0390625
0 0.36796875 0.49140625 0.034375 0.0296875
0 0.37265625 0.4703125 0.021875 0.028125
0 0.4296875 0.47109375 0.021875 0.034375
0 0.415625 0.459375 0.0203125 0.0390625