0 0.16953125 0.42265625 0.0921875 0.0703125
0 0.53671875 0.4234375 0.090625 0.0796875
0 0.40546875 0.53671875 0.078125 0.0796875
0 0.2921875 0.5703125 0.0890625 0.059375
0 0.03984375 0.5453125 0.0796875 0.065625
0 0.02734375 0.4859375 0.0546875 0.071875
0 0.51171875 0.53125 0.0953125 0.0546875
0 0.60546875 0.5640625 0.08125 0.1
0 0.82890625 0.54921875 0.078125 0.059375
0 0.84375 0.703125 0.0484375 0.059375
0 0.80234375 0.7140625 0.0453125 0.0515625
0 0.68125 0.53828125 0.0671875 0.046875
0 0.76171875 0.56796875 0.071875 0.0765625
0 0.72109375 0.65234375 0.090625 0.0703125
0 0.68203125 0.5796875 0.059375 0.0609375