0 0.49609375 0.38984375 0.04375 0.0453125
0 0.57734375 0.4109375 0.0328125 0.0375
0 0.1171875 0.4359375 0.0265625 0.0296875
0 0.15546875 0.4625 0.0234375 0.01875
0 0.16796875 0.48125 0.034375 0.0234375
0 0.21328125 0.50859375 0.0328125 0.0375
0 0.25234375 0.53359375 0.034375 0.03125
0 0.2921875 0.5734375 0.0296875 0.0390625
0 0.271875 0.61796875 0.03125 0.0390625
0 0.115625 0.65 0.0296875 0.034375
0 0.06171875 0.64375 0.0265625 0.03125
0 0.178125 0.75546875 0.025 0.025
0 0.2015625 0.77109375 0.021875 0.0390625
0 0.23046875 0.77890625 0.0296875 0.0359375
0 0.25859375 0.78046875 0.0265625 0.0359375
0 0.309375 0.7859375 0.040625 0.0390625
0 0.3640625 0.78125 0.0296875 0.0265625
0 0.42265625 0.665625 0.034375 0.03125
0 0.48203125 0.58828125 0.0328125 0.0296875
0 0.465625 0.5296875 0.03125 0.0359375
0 0.53828125 0.540625 0.0421875 0.040625
0 0.55390625 0.58671875 0.0390625 0.0359375
0 0.61015625 0.590625 0.0265625 0.0328125
0 0.68203125 0.490625 0.040625 0.040625
0 0.73125 0.490625 0.03125 0.034375
0 0.7484375 0.5203125 0.034375 0.0296875
0 0.83359375 0.4921875 0.0328125 0.021875
0 0.8390625 0.509375 0.0453125 0.0265625
0 0.8140625 0.53671875 0.021875 0.021875
0 0.828125 0.553125 0.034375 0.0296875
0 0.67734375 0.59296875 0.0265625 0.025
0 0.7515625 0.60390625 0.0265625 0.028125
0 0.953125 0.74765625 0.0328125 0.025
0 0.91875 0.871875 0.0328125 0.04375