0 0.0078125 0.19296875 0.015625 0.0296875
0 0.3078125 0.05 0.0375 0.0546875
0 0.20390625 0.19375 0.025 0.0421875
0 0.1 0.259375 0.021875 0.025
0 0.00703125 0.37734375 0.0140625 0.0359375
0 0.03515625 0.37578125 0.0265625 0.0328125
0 0.07265625 0.3859375 0.028125 0.034375
0 0.14140625 0.31171875 0.025 0.03125
0 0.08359375 0.321875 0.0234375 0.0234375
0 0.1 0.3359375 0.0203125 0.0296875
0 0.1421875 0.3578125 0.021875 0.03125
0 0.1609375 0.3609375 0.01875 0.0265625
0 0.1828125 0.43046875 0.0234375 0.0328125
0 0.2015625 0.4265625 0.025 0.034375
0 0.18046875 0.396875 0.0296875 0.0328125
0 0.19609375 0.3390625 0.021875 0.0328125
0 0.22421875 0.33359375 0.01875 0.028125
0 0.165625 0.32421875 0.0234375 0.028125
0 0.1953125 0.5109375 0.021875 0.0234375
0 0.08046875 0.58828125 0.0296875 0.04375
0 0.16171875 0.60390625 0.028125 0.0375
0 0.18203125 0.53984375 0.0328125 0.0234375
0 0.21484375 0.59453125 0.0296875 0.04375
0 0.24375 0.61796875 0.021875 0.0328125
0 0.24921875 0.59296875 0.025 0.0296875
0 0.26953125 0.5328125 0.0265625 0.0375
0 0.3140625 0.540625 0.0296875 0.040625
0 0.2453125 0.46171875 0.021875 0.028125
0 0.26171875 0.4828125 0.01875 0.0328125
0 0.27890625 0.446875 0.025 0.0296875
0 0.25390625 0.40859375 0.0203125 0.025
0 0.278125 0.4 0.0203125 0.0296875
0 0.31484375 0.45546875 0.0265625 0.03125
0 0.30546875 0.4078125 0.025 0.03125
0 0.3015625 0.35703125 0.0234375 0.0296875
0 0.30390625 0.3125 0.0171875 0.028125
0 0.29921875 0.23828125 0.015625 0.028125
0 0.2859375 0.20234375 0.0265625 0.03125
0 0.3203125 0.18515625 0.01875 0.0328125
0 0.3140625 0.2625 0.021875 0.0265625
0 0.43515625 0.17421875 0.021875 0.0390625
0 0.4703125 0.19765625 0.0234375 0.0375
0 0.49375 0.24375 0.0265625 0.034375
0 0.64375 0.28515625 0.0296875 0.0484375
0 0.34609375 0.275 0.0203125 0.028125
0 0.36484375 0.30625 0.01875 0.025
0 0.353125 0.28984375 0.015625 0.0234375
0 0.3296875 0.325 0.0171875 0.0265625
0 0.25078125 0.25546875 0.01875 0.025
0 0.2484375 0.27578125 0.01875 0.0265625
0 0.25703125 0.34375 0.025 0.0296875
0 0.27421875 0.33828125 0.0234375 0.0328125
0 0.27578125 0.2953125 0.025 0.0296875
0 0.27109375 0.31875 0.0203125 0.01875
0 0.371875 0.4515625 0.021875 0.03125
0 0.375 0.40546875 0.0171875 0.028125
0 0.4 0.40078125 0.0203125 0.0296875
0 0.41796875 0.4 0.021875 0.03125
0 0.41015625 0.33984375 0.0234375 0.0375
0 0.43515625 0.346875 0.021875 0.0328125
0 0.46875 0.33203125 0.0234375 0.0328125
0 0.5 0.33515625 0.025 0.034375
0 0.45625 0.38125 0.025 0.03125
0 0.48203125 0.3640625 0.0203125 0.03125
0 0.5 0.36953125 0.0203125 0.0328125
0 0.5234375 0.2859375 0.021875 0.034375
0 0.53671875 0.31953125 0.021875 0.0328125
0 0.53828125 0.35546875 0.01875 0.028125
0 0.56171875 0.3265625 0.021875 0.0328125
0 0.4203125 0.4546875 0.021875 0.028125
0 0.42109375 0.50546875 0.01875 0.0203125
0 0.3734375 0.51015625 0.025 0.0265625
0 0.39765625 0.55625 0.0171875 0.025
0 0.38359375 0.534375 0.0234375 0.0234375
0 0.3546875 0.56796875 0.025 0.0234375
0 0.36484375 0.58828125 0.025 0.0265625
0 0.35625 0.6125 0.025 0.034375
0 0.38046875 0.61953125 0.021875 0.0265625
0 0.3609375 0.6765625 0.0171875 0.025
0 0.33984375 0.68828125 0.0171875 0.025
0 0.32109375 0.71484375 0.025 0.0328125
0 0.346875 0.72578125 0.021875 0.028125
0 0.35390625 0.75 0.0171875 0.0296875
0 0.371875 0.75625 0.021875 0.0296875
0 0.41328125 0.72734375 0.0234375 0.0296875
0 0.38671875 0.696875 0.025 0.03125
0 0.39296875 0.65625 0.021875 0.0265625
0 0.403125 0.68359375 0.021875 0.034375
0 0.421875 0.675 0.01875 0.034375
0 0.4234375 0.60625 0.0296875 0.0328125
0 0.43125 0.57421875 0.0203125 0.0265625
0 0.41484375 0.540625 0.021875 0.03125
0 0.4484375 0.5328125 0.0203125 0.025
0 0.43515625 0.54375 0.0171875 0.025
0 0.45234375 0.56015625 0.0171875 0.025
0 0.46015625 0.41484375 0.0171875 0.0265625
0 0.4546875 0.44140625 0.028125 0.0296875
0 0.48203125 0.471875 0.01875 0.025
0 0.49375 0.453125 0.0203125 0.0375
0 0.49453125 0.5125 0.0203125 0.034375
0 0.459375 0.50546875 0.015625 0.028125
0 0.47890625 0.58125 0.01875 0.0265625
0 0.4421875 0.63984375 0.021875 0.03125
0 0.4421875 0.7515625 0.021875 0.0328125
0 0.221875 0.94765625 0.0265625 0.0296875
0 0.54296875 0.91484375 0.028125 0.0375
0 0.55 0.81796875 0.021875 0.028125
0 0.54921875 0.78359375 0.0171875 0.028125
0 0.5359375 0.6734375 0.025 0.028125
0 0.58515625 0.64296875 0.021875 0.034375
0 0.546875 0.61640625 0.0234375 0.0359375
0 0.503125 0.5890625 0.0171875 0.025
0 0.4953125 0.60390625 0.0203125 0.0203125
0 0.509375 0.63203125 0.01875 0.0296875
0 0.49296875 0.62734375 0.01875 0.0265625
0 0.56328125 0.56640625 0.021875 0.0359375
0 0.596875 0.6 0.021875 0.0328125
0 0.46796875 0.4859375 0.015625 0.0265625
0 0.5140625 0.45703125 0.0234375 0.0296875
0 0.5390625 0.421875 0.01875 0.0265625
0 0.56796875 0.4125 0.021875 0.0328125
0 0.565625 0.3828125 0.01875 0.0265625
0 0.5203125 0.42734375 0.021875 0.028125
0 0.50390625 0.4140625 0.0171875 0.0234375
0 0.3484375 0.3453125 0.0234375 0.0328125
0 0.359375 0.32578125 0.021875 0.0265625
0 0.58359375 0.45859375 0.01875 0.03125
0 0.55390625 0.46640625 0.0234375 0.0328125
0 0.57578125 0.515625 0.028125 0.0296875
0 0.5171875 0.5015625 0.021875 0.025
0 0.51796875 0.53046875 0.0234375 0.0328125
0 0.58984375 0.5515625 0.021875 0.0265625
0 0.609375 0.446875 0.025 0.03125
0 0.628125 0.4375 0.0203125 0.034375
0 0.58515625 0.3234375 0.01875 0.028125
0 0.58359375 0.34921875 0.0203125 0.028125
0 0.60703125 0.3328125 0.0203125 0.0296875
0 0.6109375 0.35859375 0.0203125 0.0296875
0 0.628125 0.3609375 0.021875 0.0375
0 0.6625 0.34609375 0.021875 0.0265625
0 0.66796875 0.3796875 0.01875 0.025
0 0.6828125 0.40625 0.01875 0.0265625
0 0.71875 0.37265625 0.028125 0.0359375
0 0.65546875 0.4078125 0.0203125 0.01875
0 0.6640625 0.42578125 0.01875 0.0234375
0 0.70859375 0.4390625 0.01875 0.0234375
0 0.62890625 0.48203125 0.0234375 0.0296875
0 0.6359375 0.63515625 0.0140625 0.0265625
0 0.65078125 0.640625 0.021875 0.0328125
0 0.65703125 0.67890625 0.0203125 0.0296875
0 0.61015625 0.709375 0.0171875 0.0328125
0 0.5578125 0.73046875 0.025 0.0234375
0 0.57109375 0.75390625 0.01875 0.03125
0 0.58828125 0.74140625 0.01875 0.0375
0 0.640625 0.74609375 0.0203125 0.03125
0 0.6421875 0.72109375 0.01875 0.028125
0 0.63515625 0.78359375 0.0234375 0.0296875
0 0.62421875 0.80625 0.01875 0.0296875
0 0.65078125 0.82265625 0.021875 0.025
0 0.6734375 0.8125 0.01875 0.0296875
0 0.6640625 0.84765625 0.015625 0.0265625
0 0.68046875 0.87421875 0.021875 0.03125
0 0.7046875 0.8390625 0.01875 0.028125
0 0.72734375 0.859375 0.01875 0.025
0 0.67578125 0.771875 0.0203125 0.028125
0 0.675 0.74375 0.021875 0.0359375
0 0.6765625 0.70625 0.01875 0.0234375
0 0.6828125 0.67109375 0.0234375 0.0375
0 0.675 0.61484375 0.015625 0.025
0 0.68671875 0.59453125 0.01875 0.0234375
0 0.684375 0.56484375 0.021875 0.028125
0 0.7140625 0.5546875 0.021875 0.0296875
0 0.728125 0.54765625 0.0203125 0.0328125
0 0.69140625 0.5171875 0.025 0.028125
0 0.7015625 0.48125 0.0171875 0.028125
0 0.68671875 0.484375 0.0203125 0.034375
0 0.7203125 0.5015625 0.021875 0.0328125
0 0.759375 0.47578125 0.0234375 0.0296875
0 0.76640625 0.5203125 0.0171875 0.028125
0 0.74296875 0.5234375 0.015625 0.0296875
0 0.75234375 0.509375 0.0140625 0.0203125
0 0.784375 0.4984375 0.0203125 0.0328125
0 0.71328125 0.6203125 0.0171875 0.0265625
0 0.74921875 0.65 0.01875 0.021875
0 0.7140625 0.66640625 0.0203125 0.021875
0 0.70625 0.703125 0.01875 0.021875
0 0.740625 0.6953125 0.015625 0.0265625
0 0.71796875 0.6921875 0.015625 0.0328125
0 0.77890625 0.740625 0.0234375 0.028125
0 0.78359375 0.6234375 0.0203125 0.025
0 0.7875 0.65078125 0.021875 0.028125
0 0.8328125 0.58203125 0.0234375 0.040625
0 0.796875 0.56640625 0.0140625 0.0234375
0 0.803125 0.58203125 0.01875 0.0203125
0 0.8046875 0.53984375 0.01875 0.028125
0 0.80859375 0.5109375 0.0171875 0.0234375
0 0.809375 0.43984375 0.025 0.03125
0 0.765625 0.41484375 0.01875 0.0296875
0 0.78359375 0.41171875 0.0171875 0.0296875
0 0.790625 0.334375 0.01875 0.03125
0 0.85703125 0.4171875 0.01875 0.028125
0 0.8703125 0.44921875 0.0234375 0.03125
0 0.9578125 0.4765625 0.01875 0.021875
0 0.959375 0.50546875 0.021875 0.0359375
0 0.9125 0.51171875 0.0265625 0.0328125
0 0.8265625 0.5359375 0.0203125 0.0359375
0 0.8515625 0.53203125 0.0171875 0.034375
0 0.840625 0.53515625 0.015625 0.0296875
0 0.90859375 0.4703125 0.01875 0.0296875
0 0.8953125 0.47109375 0.0171875 0.0390625
0 0.93125 0.57109375 0.0203125 0.0265625
0 0.89140625 0.565625 0.021875 0.0296875
0 0.925 0.60703125 0.01875 0.028125
0 0.98359375 0.6234375 0.0203125 0.0328125
0 0.8953125 0.6140625 0.0234375 0.0171875
0 0.89296875 0.6359375 0.0265625 0.0296875
0 0.94453125 0.64609375 0.0203125 0.0296875
0 0.95078125 0.70625 0.01875 0.028125
0 0.90859375 0.665625 0.0171875 0.021875
0 0.921875 0.68125 0.01875 0.025
0 0.92734375 0.70859375 0.0171875 0.0296875
0 0.89296875 0.68828125 0.0203125 0.0234375
0 0.87265625 0.70390625 0.0203125 0.034375
0 0.9 0.71484375 0.021875 0.0296875
0 0.88828125 0.7390625 0.01875 0.028125
0 0.90078125 0.7734375 0.021875 0.03125
0 0.83984375 0.74296875 0.021875 0.0265625
0 0.80625 0.7546875 0.0171875 0.0296875
0 0.84453125 0.778125 0.021875 0.03125
0 0.7359375 0.77265625 0.015625 0.028125
0 0.74921875 0.76796875 0.0203125 0.021875
0 0.865625 0.8234375 0.025 0.028125
0 0.83515625 0.81015625 0.0171875 0.0265625
0 0.8125 0.80078125 0.0203125 0.025
0 0.8125 0.8296875 0.021875 0.0234375
0 0.78203125 0.8078125 0.015625 0.0234375
0 0.7671875 0.8203125 0.0140625 0.025
0 0.80234375 0.875 0.01875 0.034375
0 0.7734375 0.8953125 0.0203125 0.028125
0 0.75234375 0.79765625 0.015625 0.0234375
0 0.7640625 0.79765625 0.0125 0.0265625
0 0.8265625 0.65078125 0.0171875 0.0359375
0 0.73984375 0.41796875 0.034375 0.040625