0 0.284375 0.240625 0.03125 0.046875
0 0.30078125 0.09140625 0.03125 0.046875
0 0.10078125 0.0984375 0.0296875 0.0296875
0 0.025 0.6 0.0359375 0.04375
0 0.55390625 0.40703125 0.028125 0.0453125
0 0.85625 0.32109375 0.0375 0.0546875
0 0.690625 0.6296875 0.0171875 0.0328125
0 0.68203125 0.5015625 0.0234375 0.0296875
0 0.7078125 0.46328125 0.025 0.025
0 0.490625 0.79453125 0.0296875 0.0296875
0 0.88203125 0.6234375 0.021875 0.025
0 0.68203125 0.60078125 0.0140625 0.0140625
0 0.69140625 0.59296875 0.0171875 0.01875
0 0.4 0.72265625 0.0265625 0.0265625