0 0.3078125 0.22265625 0.028125 0.0453125
0 0.3375 0.07578125 0.028125 0.0453125
0 0.1375 0.06484375 0.0265625 0.028125
0 0.01796875 0.55859375 0.0328125 0.040625
0 0.56171875 0.41171875 0.025 0.04375
0 0.8703125 0.353125 0.0328125 0.0515625
0 0.67890625 0.64609375 0.0140625 0.03125
0 0.68125 0.5171875 0.0203125 0.028125
0 0.71015625 0.48125 0.0234375 0.0234375
0 0.46484375 0.79296875 0.0265625 0.028125
0 0.86953125 0.65625 0.0203125 0.0234375
0 0.67265625 0.61640625 0.0125 0.0125
0 0.6828125 0.609375 0.015625 0.0171875
0 0.38125 0.71328125 0.025 0.025