0 0.37734375 0.209375 0.06875 0.1046875
0 0.2859375 0.3046875 0.0796875 0.0609375
0 0.19375 0.321875 0.0921875 0.071875
0 0.06171875 0.3875 0.0828125 0.05625
0 0.19453125 0.4 0.0828125 0.0890625
0 0.1046875 0.496875 0.071875 0.0609375
0 0.23359375 0.5015625 0.0625 0.0671875
0 0.2921875 0.54921875 0.0703125 0.0703125
0 0.309375 0.43828125 0.0765625 0.04375
0 0.34609375 0.4875 0.0484375 0.0453125
0 0.296875 0.4828125 0.059375 0.0546875
0 0.37578125 0.58828125 0.075 0.0625
0 0.3890625 0.765625 0.06875 0.08125
0 0.7765625 0.50625 0.065625 0.0796875
0 0.75234375 0.5796875 0.0765625 0.0609375
0 0.684375 0.590625 0.075 0.0796875
0 0.62109375 0.59765625 0.0640625 0.0671875
0 0.55703125 0.59609375 0.06875 0.053125
0 0.50859375 0.63984375 0.0765625 0.034375
0 0.45625 0.584375 0.0546875 0.0640625
0 0.4640625 0.52578125 0.053125 0.053125
0 0.47265625 0.42890625 0.0875 0.0796875
0 0.4796875 0.4875 0.0609375 0.040625
0 0.571875 0.48515625 0.059375 0.05
0 0.534375 0.5140625 0.053125 0.0578125
0 0.296875 0.3765625 0.0703125 0.059375