0 0.0171875 0.06328125 0.034375 0.0515625
0 0.06875 0.1046875 0.053125 0.0515625
0 0.11953125 0.13125 0.05 0.05
0 0.1765625 0.18828125 0.0453125 0.075
0 0.26484375 0.21640625 0.0515625 0.0609375
0 0.33359375 0.2421875 0.04375 0.0671875
0 0.38046875 0.2984375 0.0484375 0.0578125
0 0.42265625 0.34296875 0.0421875 0.0640625
0 0.465625 0.315625 0.0421875 0.0515625
0 0.50859375 0.3796875 0.0484375 0.046875
0 0.60390625 0.421875 0.0515625 0.0578125
0 0.703125 0.47109375 0.0453125 0.065625
0 0.75859375 0.49296875 0.0484375 0.05625
0 0.8265625 0.49609375 0.0484375 0.0375
0 0.81484375 0.53671875 0.0484375 0.0421875
0 0.8859375 0.56796875 0.0625 0.08125
0 0.7765625 0.5984375 0.040625 0.059375
0 0.74140625 0.60546875 0.03125 0.0640625
0 0.68046875 0.59765625 0.034375 0.0546875
0 0.65 0.63203125 0.040625 0.05625
0 0.51328125 0.5140625 0.046875 0.059375
0 0.50546875 0.60546875 0.0421875 0.05625
0 0.55859375 0.65625 0.046875 0.0265625
0 0.54609375 0.684375 0.0390625 0.03125
0 0.459375 0.7171875 0.0421875 0.0609375
0 0.41953125 0.609375 0.04375 0.0640625
0 0.34765625 0.6734375 0.040625 0.05625
0 0.3765625 0.734375 0.034375 0.0515625
0 0.24765625 0.6953125 0.040625 0.046875
0 0.15390625 0.690625 0.0421875 0.0390625