0 0.07265625 0.3109375 0.0921875 0.090625
0 0.0921875 0.43203125 0.09375 0.0984375
0 0.23046875 0.39921875 0.078125 0.08125
0 0.34375 0.41484375 0.08125 0.075
0 0.31796875 0.478125 0.0703125 0.084375
0 0.390625 0.47890625 0.0734375 0.0546875
0 0.484375 0.4953125 0.09375 0.06875
0 0.46171875 0.54921875 0.0734375 0.0640625
0 0.39765625 0.565625 0.0734375 0.0828125
0 0.63203125 0.58515625 0.0765625 0.0609375
0 0.72109375 0.6828125 0.0859375 0.071875
0 0.809375 0.74296875 0.0796875 0.0609375
0 0.93046875 0.74140625 0.0796875 0.0671875
0 0.925 0.87421875 0.0640625 0.0546875
0 0.8640625 0.88828125 0.05625 0.05
0 0.49921875 0.75234375 0.065625 0.05625
0 0.5703125 0.6203125 0.0671875 0.04375
0 0.5875 0.659375 0.0734375 0.0421875
0 0.5546875 0.684375 0.0578125 0.0359375