0 0.51484375 0.33046875 0.071875 0.065625
0 0.29375 0.06875 0.084375 0.0578125
0 0.17109375 0.4203125 0.0578125 0.046875
0 0.1015625 0.525 0.071875 0.075
0 0.28203125 0.55546875 0.0765625 0.059375
0 0.496875 0.459375 0.0765625 0.0734375
0 0.65703125 0.51015625 0.0671875 0.0515625
0 0.584375 0.5890625 0.08125 0.1015625
0 0.91875 0.5453125 0.0609375 0.05
0 0.8875 0.57421875 0.059375 0.05
0 0.8625 0.75234375 0.06875 0.0625
0 0.9421875 0.78671875 0.065625 0.10625
0 0.5796875 0.88359375 0.0609375 0.0671875
0 0.5640625 0.96640625 0.071875 0.0671875