0 0.64140625 0.42265625 0.0359375 0.0203125
0 0.7640625 0.37109375 0.028125 0.0171875
0 0.70546875 0.5 0.0328125 0.0234375
0 0.6453125 0.48984375 0.0359375 0.0265625
0 0.65390625 0.53828125 0.0484375 0.0234375
0 0.59453125 0.440625 0.0375 0.021875
0 0.50078125 0.42890625 0.04375 0.025
0 0.4609375 0.46484375 0.0484375 0.0203125
0 0.3421875 0.54140625 0.0328125 0.021875
0 0.4140625 0.565625 0.0359375 0.0203125
0 0.4390625 0.59921875 0.034375 0.0234375
0 0.26640625 0.55546875 0.028125 0.0140625
0 0.22578125 0.56171875 0.0328125 0.021875
0 0.22265625 0.61640625 0.034375 0.021875
0 0.290625 0.61953125 0.034375 0.0203125
0 0.1296875 0.69140625 0.0390625 0.0296875