0 0.184375 0.5015625 0.0609375 0.0765625
0 0.27265625 0.5140625 0.046875 0.0671875
0 0.35 0.50703125 0.046875 0.06875
0 0.4328125 0.47890625 0.0375 0.059375
0 0.49375 0.47578125 0.046875 0.0515625
0 0.55546875 0.4671875 0.0515625 0.0546875
0 0.62109375 0.446875 0.0390625 0.0484375
0 0.69765625 0.371875 0.046875 0.0640625
0 0.64296875 0.35234375 0.0421875 0.0625
0 0.590625 0.34296875 0.0359375 0.05625
0 0.54921875 0.3203125 0.0359375 0.053125
0 0.50546875 0.296875 0.046875 0.0640625
0 0.40546875 0.2234375 0.05 0.0671875
0 0.459375 0.26015625 0.0390625 0.059375
0 0.3390625 0.1921875 0.0578125 0.059375
0 0.2796875 0.1703125 0.053125 0.0546875
0 0.228125 0.1390625 0.05 0.0609375