0 0.1859375 0.52890625 0.0671875 0.08125
0 0.275 0.53359375 0.053125 0.0703125
0 0.3515625 0.5203125 0.053125 0.071875
0 0.43125 0.48515625 0.0421875 0.0625
0 0.49140625 0.4765625 0.0515625 0.0546875
0 0.55234375 0.4625 0.05625 0.059375
0 0.615625 0.43671875 0.04375 0.0515625
0 0.6859375 0.35546875 0.0515625 0.0671875
0 0.6296875 0.340625 0.046875 0.065625
0 0.5765625 0.3359375 0.040625 0.059375
0 0.53359375 0.31640625 0.040625 0.05625
0 0.4875 0.296875 0.0515625 0.0671875
0 0.38203125 0.2328125 0.05625 0.071875
0 0.43828125 0.26484375 0.04375 0.0625
0 0.3125 0.20703125 0.0625 0.0640625
0 0.2515625 0.190625 0.0578125 0.059375
0 0.19765625 0.1640625 0.0546875 0.065625