0 0.6296875 0.24609375 0.0390625 0.0359375
0 0.48828125 0.26953125 0.05625 0.0375
0 0.421875 0.26484375 0.0421875 0.025
0 0.3515625 0.3234375 0.0578125 0.034375
0 0.28046875 0.36171875 0.0453125 0.03125
0 0.32109375 0.36171875 0.0421875 0.03125
0 0.6359375 0.2921875 0.0359375 0.0390625
0 0.67109375 0.3609375 0.0296875 0.03125
0 0.7296875 0.37421875 0.0390625 0.0390625
0 0.74921875 0.4390625 0.034375 0.03125
0 0.67890625 0.42421875 0.0390625 0.040625
0 0.56953125 0.41640625 0.0515625 0.03125
0 0.47734375 0.3671875 0.0484375 0.0265625
0 0.42578125 0.41015625 0.0375 0.0390625
0 0.3703125 0.40703125 0.0328125 0.0484375
0 0.3453125 0.409375 0.0171875 0.028125
0 0.29453125 0.4046875 0.03125 0.03125
0 0.25 0.4046875 0.028125 0.0359375
0 0.27890625 0.44453125 0.021875 0.025
0 0.29140625 0.459375 0.0203125 0.03125
0 0.35 0.45625 0.028125 0.0359375
0 0.32109375 0.4765625 0.028125 0.034375
0 0.225 0.49453125 0.034375 0.040625
0 0.253125 0.53359375 0.028125 0.0296875
0 0.27421875 0.5796875 0.028125 0.025
0 0.4 0.63203125 0.0453125 0.0359375
0 0.53046875 0.5765625 0.0328125 0.0375
0 0.52734375 0.5125 0.0296875 0.046875
0 0.56640625 0.5046875 0.0421875 0.05
0 0.7 0.5734375 0.0484375 0.0203125
0 0.72265625 0.4796875 0.028125 0.0234375
0 0.75546875 0.51171875 0.025 0.021875
0 0.828125 0.50859375 0.0390625 0.0296875
0 0.84921875 0.53671875 0.0296875 0.03125
0 0.946875 0.51484375 0.034375 0.0484375
0 0.37265625 0.52265625 0.0265625 0.03359375
0 0.56640625 0.6234375 0.03203125 0.040625