0 0.61640625 0.23984375 0.040625 0.0375
0 0.4765625 0.2703125 0.0578125 0.040625
0 0.409375 0.26953125 0.04375 0.0265625
0 0.3421875 0.33125 0.059375 0.0375
0 0.2734375 0.3734375 0.046875 0.0328125
0 0.3140625 0.37109375 0.04375 0.0328125
0 0.625 0.28515625 0.0375 0.040625
0 0.66328125 0.35234375 0.03125 0.0328125
0 0.72265625 0.3625 0.040625 0.040625
0 0.7453125 0.42578125 0.0359375 0.0328125
0 0.675 0.41484375 0.040625 0.0421875
0 0.56484375 0.4125 0.053125 0.034375
0 0.4703125 0.36875 0.05 0.0296875
0 0.42109375 0.4140625 0.0390625 0.040625
0 0.365625 0.4140625 0.0359375 0.05
0 0.340625 0.41796875 0.01875 0.0296875
0 0.28984375 0.415625 0.0328125 0.0328125
0 0.2453125 0.41796875 0.0296875 0.0375
0 0.2765625 0.45625 0.0234375 0.0265625
0 0.28984375 0.4703125 0.021875 0.0328125
0 0.34765625 0.4640625 0.0296875 0.0375
0 0.3203125 0.4859375 0.0296875 0.0359375
0 0.225 0.50859375 0.0359375 0.0421875
0 0.25546875 0.54609375 0.0296875 0.03125
0 0.27890625 0.59140625 0.0296875 0.0265625
0 0.40703125 0.63671875 0.046875 0.0375
0 0.534375 0.575 0.034375 0.0390625
0 0.528125 0.5109375 0.0328125 0.0484375
0 0.56640625 0.5015625 0.0453125 0.0515625
0 0.70390625 0.5625 0.05 0.0234375
0 0.72109375 0.46796875 0.0296875 0.025
0 0.75546875 0.4984375 0.0265625 0.0234375
0 0.828125 0.49140625 0.040625 0.03125
0 0.85078125 0.51875 0.03125 0.0328125
0 0.946875 0.49140625 0.0375 0.05
0 0.37421875 0.52890625 0.028125 0.034375
0 0.57265625 0.61953125 0.034375 0.0421875