0 0.0484375 0.45703125 0.03359375 0.06484375
0 0.20703125 0.45234375 0.0375 0.0765625
0 0.2875 0.4671875 0.025 0.0609375
0 0.29765625 0.3953125 0.03203125 0.08125
0 0.12890625 0.33984375 0.03671875 0.0453125
0 0.20703125 0.3546875 0.03125 0.05703125
0 0.26953125 0.34296875 0.040625 0.0515625
0 0.2234375 0.20703125 0.0296875 0.06328125
0 0.24140625 0.17734375 0.03046875 0.06328125
0 0.13125 0.15859375 0.0359375 0.06484375
0 0.36640625 0.12421875 0.0265625 0.0546875
0 0.38671875 0.20546875 0.0265625 0.05
0 0.50390625 0.1984375 0.028125 0.06015625
0 0.39453125 0.359375 0.02578125 0.05859375
0 0.45859375 0.334375 0.03046875 0.0828125
0 0.52265625 0.378125 0.0359375 0.0671875
0 0.37265625 0.5734375 0.03046875 0.06640625
0 0.19375 0.58515625 0.0375 0.078125
0 0.14140625 0.6140625 0.03671875 0.06640625
0 0.1734375 0.70390625 0.03515625 0.046875
0 0.19609375 0.73359375 0.0328125 0.06875
0 0.3328125 0.65859375 0.02734375 0.06484375
0 0.35625 0.74765625 0.0296875 0.08359375
0 0.23046875 0.8484375 0.0515625 0.06015625
0 0.15546875 0.87734375 0.03515625 0.06953125
0 0.50625 0.74375 0.034375 0.084375
0 0.5046875 0.84296875 0.040625 0.07109375
0 0.74296875 0.7375 0.03671875 0.08203125
0 0.7953125 0.4765625 0.04140625 0.05078125
0 0.68359375 0.4890625 0.03515625 0.065625
0 0.5734375 0.50703125 0.034375 0.06796875
0 0.47421875 0.56328125 0.03125 0.07578125
0 0.64296875 0.3 0.0203125 0.06875
0 0.65859375 0.3078125 0.02109375 0.06875
0 0.765625 0.1953125 0.02890625 0.059375
0 0.759375 0.28046875 0.0234375 0.06171875
0 0.959375 0.49609375 0.0234375 0.0640625
0 0.98125 0.45625 0.03203125 0.071875
0 0.671875 0.08046875 0.03671875 0.04375
0 0.775 0.06328125 0.02734375 0.05625
0 0.2515625 0.03828125 0.0359375 0.05625
0 0.4421875 0.053125 0.0328125 0.04453125
0 0.0765625 0.04765625 0.0375 0.0625