0 0.046875 0.5203125 0.0421875 0.06875
0 0.203125 0.49375 0.0484375 0.08125
0 0.28515625 0.496875 0.0328125 0.0640625
0 0.28515625 0.42421875 0.04375 0.084375
0 0.11015625 0.39296875 0.0421875 0.05
0 0.18984375 0.396875 0.0390625 0.0609375
0 0.25 0.3765625 0.046875 0.05625
0 0.18515625 0.2484375 0.0375 0.0671875
0 0.19921875 0.21640625 0.0390625 0.0671875
0 0.0875 0.21328125 0.0453125 0.06875
0 0.315625 0.14609375 0.034375 0.0578125
0 0.346875 0.22421875 0.0328125 0.053125
0 0.46171875 0.20078125 0.0359375 0.0640625
0 0.37578125 0.37578125 0.034375 0.0609375
0 0.4359375 0.34140625 0.0421875 0.0859375
0 0.50546875 0.37578125 0.0453125 0.071875
0 0.384375 0.590625 0.0390625 0.0703125
0 0.20859375 0.6265625 0.0484375 0.0828125
0 0.1609375 0.6625 0.0453125 0.0703125
0 0.2046875 0.74765625 0.040625 0.0515625
0 0.23125 0.7734375 0.0421875 0.071875
0 0.35625 0.68046875 0.0359375 0.06875
0 0.3921875 0.765625 0.040625 0.0875
0 0.28125 0.8828125 0.059375 0.0671875
0 0.21171875 0.921875 0.04375 0.0734375
0 0.53984375 0.740625 0.0453125 0.0890625
0 0.55234375 0.8390625 0.05 0.0765625
0 0.7734375 0.7015625 0.0484375 0.0859375
0 0.7890625 0.4359375 0.0484375 0.05625
0 0.68046875 0.46328125 0.04375 0.0703125
0 0.5734375 0.496875 0.04375 0.071875
0 0.48359375 0.56640625 0.0421875 0.0796875
0 0.6140625 0.28203125 0.0296875 0.0703125
0 0.63046875 0.2875 0.0296875 0.0703125
0 0.7203125 0.1609375 0.0375 0.0625
0 0.7265625 0.246875 0.03125 0.0640625
0 0.9546875 0.43203125 0.0328125 0.0671875
0 0.9703125 0.38984375 0.0421875 0.075
0 0.61171875 0.0609375 0.0421875 0.0484375
0 0.7109375 0.02890625 0.034375 0.0578125
0 0.18984375 0.07734375 0.04375 0.0609375
0 0.38046875 0.065625 0.0390625 0.0484375
0 0.0203125 0.11015625 0.040625 0.0671875