0 0.2859375 0.37578125 0.0515625 0.0453125
0 0.2921875 0.4171875 0.059375 0.0390625
0 0.29765625 0.4453125 0.0390625 0.053125
0 0.340625 0.41484375 0.0484375 0.0453125
0 0.36875 0.4453125 0.0484375 0.03125
0 0.34296875 0.48671875 0.0375 0.0359375
0 0.39375 0.378125 0.034375 0.0296875
0 0.42734375 0.47578125 0.05625 0.03125
0 0.47109375 0.4328125 0.0375 0.05
0 0.59375 0.37734375 0.05 0.0390625
0 0.5296875 0.440625 0.0359375 0.03125
0 0.58125 0.41640625 0.046875 0.034375
0 0.40546875 0.40546875 0.0359375 0.028125