0 0.08671875 0.746875 0.059375 0.071875
0 0.0390625 0.68515625 0.04375 0.0640625
0 0.05546875 0.65078125 0.0265625 0.0609375
0 0.10546875 0.64296875 0.0390625 0.08125
0 0.14140625 0.65625 0.0484375 0.03125
0 0.146875 0.6171875 0.0328125 0.04375
0 0.190625 0.5984375 0.0421875 0.0625
0 0.2484375 0.628125 0.0265625 0.0546875
0 0.2234375 0.62578125 0.0453125 0.059375
0 0.26015625 0.59140625 0.0390625 0.0546875
0 0.21640625 0.603125 0.034375 0.0640625
0 0.365625 0.41484375 0.053125 0.059375
0 0.35234375 0.459375 0.0515625 0.0421875
0 0.36171875 0.49296875 0.0515625 0.0671875
0 0.45078125 0.40234375 0.0671875 0.0875
0 0.546875 0.515625 0.046875 0.08125
0 0.49140625 0.540625 0.0453125 0.0625
0 0.38125 0.8296875 0.0390625 0.0734375
0 0.4734375 0.89921875 0.0265625 0.0171875
0 0.478125 0.9390625 0.0265625 0.0328125
0 0.46484375 0.91484375 0.0375 0.021875
0 0.45703125 0.6453125 0.0375 0.0703125
0 0.43203125 0.75 0.0390625 0.0390625
0 0.409375 0.83515625 0.021875 0.028125
0 0.4171875 0.8296875 0.028125 0.0109375
0 0.415625 0.796875 0.021875 0.046875
0 0.4375 0.78984375 0.03125 0.0421875
0 0.4734375 0.775 0.0328125 0.03125
0 0.4765625 0.73203125 0.0375 0.0515625
0 0.48359375 0.68046875 0.034375 0.03125
0 0.50078125 0.63203125 0.0328125 0.0390625
0 0.48515625 0.65703125 0.046875 0.0390625
0 0.6015625 0.646875 0.0421875 0.0625
0 0.61953125 0.7140625 0.0390625 0.0484375
0 0.7046875 0.740625 0.03125 0.0328125
0 0.678125 0.446875 0.0421875 0.0609375
0 0.665625 0.39140625 0.0484375 0.0546875
0 0.71875 0.3953125 0.04375 0.0578125
0 0.75234375 0.36171875 0.040625 0.0484375
0 0.77734375 0.37890625 0.0453125 0.065625
0 0.53046875 0.34296875 0.0765625 0.0796875
0 0.6046875 0.3390625 0.05625 0.0625
0 0.603125 0.278125 0.0359375 0.0421875
0 0.6484375 0.284375 0.0609375 0.0359375
0 0.6734375 0.1921875 0.053125 0.0546875
0 0.6984375 0.153125 0.06875 0.084375
0 0.7109375 0.31015625 0.05625 0.0875
0 0.78359375 0.17265625 0.0546875 0.0859375
0 0.80390625 0.1234375 0.0640625 0.065625
0 0.85859375 0.096875 0.059375 0.0609375
0 0.91171875 0.15390625 0.0640625 0.0625
0 0.946875 0.2015625 0.0484375 0.046875
0 0.82734375 0.2953125 0.0640625 0.078125
0 0.884375 0.315625 0.0703125 0.0453125
0 0.8296875 0.39140625 0.0421875 0.0640625
0 0.853125 0.40234375 0.0453125 0.084375
0 0.9609375 0.41171875 0.0484375 0.05625
0 0.8296875 0.734375 0.0453125 0.0703125
0 0.87890625 0.56796875 0.0421875 0.0734375
0 0.92890625 0.565625 0.0359375 0.0515625
0 0.9546875 0.6625 0.05 0.0453125
0 0.9421875 0.6 0.040625 0.053125
0 0.975 0.5921875 0.028125 0.0390625