0 0.06484375 0.24453125 0.0328125 0.0328125
0 0.17734375 0.23203125 0.0359375 0.0359375
0 0.08046875 0.4734375 0.028125 0.0375
0 0.16015625 0.51796875 0.034375 0.0359375
0 0.14921875 0.58984375 0.0328125 0.0421875
0 0.1875 0.5984375 0.0359375 0.0328125
0 0.10234375 0.59375 0.028125 0.0265625
0 0.05703125 0.6046875 0.0328125 0.0390625
0 0.02109375 0.615625 0.0234375 0.040625
0 0.03984375 0.6109375 0.0234375 0.046875
0 0.08203125 0.59609375 0.028125 0.0390625
0 0.22578125 0.5609375 0.0359375 0.0265625
0 0.23671875 0.24375 0.034375 0.0359375
0 0.246875 0.28671875 0.034375 0.0296875
0 0.26875 0.27265625 0.0390625 0.021875
0 0.30859375 0.27890625 0.040625 0.04375
0 0.28125 0.3484375 0.0375 0.0578125
0 0.4 0.4 0.05 0.0328125
0 0.34140625 0.371875 0.046875 0.0265625
0 0.3328125 0.33125 0.046875 0.0359375
0 0.3390625 0.29921875 0.0359375 0.0390625
0 0.4421875 0.33515625 0.0375 0.0390625
0 0.38515625 0.33203125 0.0421875 0.0328125
0 0.39375 0.359375 0.0421875 0.0234375
0 0.234375 0.58671875 0.0328125 0.0296875
0 0.26328125 0.56796875 0.028125 0.0453125
0 0.275 0.65234375 0.01875 0.03125
0 0.3015625 0.6328125 0.0203125 0.0421875
0 0.3203125 0.6296875 0.0234375 0.028125
0 0.303125 0.553125 0.0265625 0.0328125
0 0.3203125 0.5546875 0.0328125 0.046875
0 0.34296875 0.55625 0.0234375 0.0359375
0 0.36171875 0.50546875 0.0265625 0.0359375
0 0.3859375 0.48671875 0.0359375 0.0390625
0 0.35078125 0.61796875 0.0265625 0.0375
0 0.37109375 0.61875 0.01875 0.0296875
0 0.3796875 0.6125 0.0203125 0.053125
0 0.39921875 0.6234375 0.025 0.0421875
0 0.4265625 0.61640625 0.0171875 0.03125
0 0.41015625 0.5453125 0.0375 0.03125
0 0.39453125 0.5265625 0.021875 0.0203125
0 0.41640625 0.51640625 0.0234375 0.0328125
0 0.47109375 0.3546875 0.0328125 0.03125
0 0.4984375 0.35390625 0.0359375 0.0296875
0 0.51875 0.3734375 0.0390625 0.0375
0 0.56171875 0.4 0.0296875 0.034375
0 0.53046875 0.40703125 0.03125 0.0390625
0 0.5703125 0.453125 0.0265625 0.0265625
0 0.55625 0.43515625 0.0390625 0.0390625
0 0.628125 0.43828125 0.03125 0.028125
0 0.6015625 0.45625 0.028125 0.0359375
0 0.4515625 0.60859375 0.0234375 0.0328125
0 0.48203125 0.61171875 0.03125 0.046875
0 0.51640625 0.61171875 0.0234375 0.0234375
0 0.50703125 0.60546875 0.0125 0.009375
0 0.5328125 0.590625 0.025 0.05
0 0.55703125 0.6 0.021875 0.0359375
0 0.56640625 0.58515625 0.021875 0.0328125
0 0.5859375 0.609375 0.021875 0.021875
0 0.6015625 0.578125 0.028125 0.0296875
0 0.60703125 0.603125 0.03125 0.0390625
0 0.63203125 0.58984375 0.028125 0.0359375
0 0.640625 0.52421875 0.0359375 0.0265625
0 0.65234375 0.5765625 0.0296875 0.0359375
0 0.62734375 0.475 0.0328125 0.0390625
0 0.64375 0.48828125 0.03125 0.015625
0 0.653125 0.46171875 0.0265625 0.04375
0 0.67890625 0.4765625 0.0265625 0.0328125
0 0.7015625 0.45234375 0.0265625 0.046875
0 0.72109375 0.45859375 0.0265625 0.0265625
0 0.73984375 0.459375 0.028125 0.0265625
0 0.76796875 0.44921875 0.0375 0.0296875
0 0.79609375 0.4375 0.0359375 0.03125
0 0.821875 0.4375 0.03125 0.025
0 0.9078125 0.43046875 0.05625 0.0359375
0 0.86015625 0.43125 0.0359375 0.0375
0 0.8484375 0.453125 0.03125 0.021875
0 0.90234375 0.453125 0.0359375 0.03125
0 0.6828125 0.56875 0.021875 0.0296875
0 0.6859375 0.59140625 0.0359375 0.021875
0 0.72421875 0.58984375 0.03125 0.0328125
0 0.71953125 0.57265625 0.0234375 0.0375
0 0.7421875 0.55859375 0.0203125 0.0359375
0 0.7578125 0.5390625 0.021875 0.04375
0 0.778125 0.55859375 0.0265625 0.0359375
0 0.78515625 0.53359375 0.025 0.0453125
0 0.80703125 0.51484375 0.0421875 0.05
0 0.83203125 0.48828125 0.0203125 0.0484375
0 0.86015625 0.5046875 0.0265625 0.028125
0 0.90234375 0.490625 0.0234375 0.0328125
0 0.85859375 0.478125 0.034375 0.0265625