0 0.12265625 0.33125 0.1015625 0.1140625
0 0.26171875 0.22109375 0.103125 0.0921875
0 0.23828125 0.44921875 0.0828125 0.0921875
0 0.18828125 0.54296875 0.0828125 0.06875
0 0.3671875 0.36640625 0.1015625 0.0859375
0 0.3859375 0.52578125 0.0703125 0.0859375
0 0.4671875 0.6546875 0.059375 0.0703125
0 0.4875 0.4390625 0.0828125 0.0890625
0 0.5375 0.3390625 0.078125 0.0953125
0 0.64609375 0.45 0.0890625 0.08125
0 0.5953125 0.53828125 0.0890625 0.0875
0 0.76953125 0.5140625 0.0765625 0.1046875
0 0.82265625 0.61796875 0.0859375 0.06875
0 0.79375 0.696875 0.0703125 0.0578125
0 0.8984375 0.69453125 0.0671875 0.0796875
0 0.92421875 0.64140625 0.059375 0.0578125
0 0.94921875 0.7640625 0.071875 0.08125