0 0.07109375 0.64765625 0.0875 0.1
0 0.1046875 0.52109375 0.08125 0.1015625
0 0.171875 0.58125 0.06875 0.0953125
0 0.24609375 0.4703125 0.0703125 0.103125
0 0.23125 0.7046875 0.0703125 0.1078125
0 0.396875 0.4765625 0.0875 0.1171875
0 0.32421875 0.621875 0.0875 0.0890625
0 0.43046875 0.603125 0.0859375 0.115625
0 0.496875 0.4328125 0.0953125 0.11875
0 0.578125 0.2984375 0.0703125 0.1
0 0.9140625 0.28671875 0.1171875 0.1
0 0.81875 0.38046875 0.103125 0.10625
0 0.6984375 0.35390625 0.09375 0.115625
0 0.853125 0.5546875 0.096875 0.125
0 0.75078125 0.503125 0.1015625 0.1046875
0 0.61796875 0.4984375 0.0890625 0.1140625
0 0.6546875 0.62578125 0.103125 0.0953125
0 0.53359375 0.64765625 0.0875 0.121875