0 0.2203125 0.4796875 0.0625 0.0640625
0 0.23515625 0.425 0.04375 0.0890625
0 0.26328125 0.38515625 0.05625 0.0625
0 0.30859375 0.3484375 0.078125 0.090625
0 0.3296875 0.3109375 0.05625 0.0828125
0 0.36328125 0.26640625 0.0578125 0.084375
0 0.40859375 0.1875 0.078125 0.0578125
0 0.459375 0.28359375 0.059375 0.0453125
0 0.51796875 0.415625 0.053125 0.0609375
0 0.55390625 0.48359375 0.05625 0.05625
0 0.59296875 0.53515625 0.05625 0.05625
0 0.63203125 0.575 0.053125 0.053125
0 0.68203125 0.60234375 0.0515625 0.0984375
0 0.71171875 0.66015625 0.05625 0.0546875
0 0.75234375 0.70546875 0.0578125 0.0515625
0 0.78203125 0.734375 0.046875 0.0484375
0 0.8203125 0.78125 0.0625 0.046875
0 0.84375 0.8046875 0.053125 0.05