0 0.0921875 0.30859375 0.075 0.075
0 0.234375 0.4578125 0.1109375 0.090625
0 0.25078125 0.17734375 0.065625 0.0921875
0 0.30703125 0.12421875 0.0671875 0.125
0 0.3109375 0.3515625 0.0828125 0.0921875
0 0.36640625 0.53125 0.0828125 0.0828125
0 0.49765625 0.5015625 0.090625 0.0640625
0 0.4359375 0.29375 0.065625 0.1015625
0 0.53359375 0.35390625 0.0734375 0.1046875
0 0.64609375 0.46953125 0.09375 0.1171875
0 0.65546875 0.39140625 0.078125 0.0828125
0 0.75390625 0.346875 0.078125 0.1203125
0 0.89453125 0.503125 0.0859375 0.1
0 0.809375 0.60390625 0.0984375 0.075
0 0.80625 0.4921875 0.071875 0.084375