0 0.04921875 0.2359375 0.046875 0.053125
0 0.15859375 0.3921875 0.0609375 0.0375
0 0.10078125 0.628125 0.0421875 0.04375
0 0.18359375 0.73125 0.0375 0.0375
0 0.265625 0.56640625 0.0328125 0.0421875
0 0.29921875 0.44765625 0.04375 0.040625
0 0.40703125 0.284375 0.0453125 0.0421875
0 0.35859375 0.4625 0.034375 0.0421875
0 0.36640625 0.590625 0.0484375 0.0390625
0 0.37421875 0.51328125 0.0453125 0.0453125
0 0.43046875 0.51484375 0.040625 0.075
0 0.4875 0.4703125 0.05 0.05625
0 0.47890625 0.55859375 0.0390625 0.04375
0 0.5828125 0.63984375 0.0421875 0.046875
0 0.58046875 0.49453125 0.0421875 0.0796875
0 0.521875 0.5640625 0.0375 0.053125
0 0.51796875 0.49140625 0.0328125 0.0640625
0 0.72578125 0.4015625 0.040625 0.034375
0 0.67265625 0.50859375 0.0671875 0.0453125
0 0.64375 0.48203125 0.0359375 0.053125
0 0.65 0.6578125 0.028125 0.040625
0 0.76796875 0.421875 0.0359375 0.0484375
0 0.86953125 0.5296875 0.0375 0.0296875
0 0.97734375 0.4984375 0.0453125 0.0375