0 0.14453125 0.3125 0.090625 0.1140625
0 0.15703125 0.44765625 0.103125 0.0765625
0 0.18046875 0.521875 0.08125 0.0703125
0 0.271875 0.4703125 0.1109375 0.08125
0 0.28828125 0.6765625 0.0859375 0.0671875
0 0.32421875 0.56171875 0.0890625 0.0734375
0 0.48125 0.6421875 0.084375 0.065625
0 0.37578125 0.31015625 0.09375 0.06875
0 0.4171875 0.359375 0.078125 0.0640625
0 0.56171875 0.46875 0.078125 0.0875
0 0.703125 0.48515625 0.0828125 0.065625
0 0.753125 0.44375 0.09375 0.0953125
0 0.8265625 0.42109375 0.1125 0.0953125
0 0.8421875 0.2734375 0.0953125 0.0921875