0 0.09921875 0.6296875 0.0671875 0.06875
0 0.096875 0.74296875 0.078125 0.078125
0 0.20546875 0.58046875 0.0796875 0.0484375
0 0.33125 0.57578125 0.0921875 0.0546875
0 0.334375 0.49609375 0.0625 0.0546875
0 0.22890625 0.73671875 0.0796875 0.0703125
0 0.22734375 0.87265625 0.053125 0.05625
0 0.35625 0.890625 0.0890625 0.0703125
0 0.33515625 0.77265625 0.0828125 0.090625
0 0.421875 0.70546875 0.0640625 0.075
0 0.49765625 0.77265625 0.1265625 0.1078125
0 0.609375 0.80390625 0.0625 0.0921875
0 0.67734375 0.709375 0.1359375 0.0765625
0 0.790625 0.7203125 0.1 0.08125
0 0.7890625 0.62109375 0.0890625 0.08125
0 0.69765625 0.5640625 0.0875 0.0828125
0 0.55 0.65546875 0.09375 0.0625
0 0.4796875 0.4859375 0.1015625 0.103125
0 0.44765625 0.35703125 0.1046875 0.1078125
0 0.55 0.35234375 0.096875 0.0796875
0 0.57109375 0.125 0.1140625 0.1
0 0.6859375 0.2296875 0.109375 0.09375
0 0.72265625 0.4171875 0.11875 0.0765625
0 0.6078125 0.49453125 0.0921875 0.103125
0 0.875 0.4703125 0.0796875 0.059375
0 0.853125 0.32890625 0.1375 0.1140625
0 0.87734375 0.19921875 0.1234375 0.1109375
0 0.87578125 0.09765625 0.1234375 0.1109375