0 0.0859375 0.1890625 0.0703125 0.0734375
0 0.3703125 0.14609375 0.0703125 0.059375
0 0.2 0.31171875 0.08125 0.0546875
0 0.10078125 0.4046875 0.0609375 0.0703125
0 0.24765625 0.52265625 0.046875 0.0640625
0 0.27890625 0.35 0.0625 0.0578125
0 0.28046875 0.43359375 0.053125 0.0640625
0 0.36484375 0.45 0.065625 0.0703125
0 0.353125 0.66171875 0.0734375 0.05625
0 0.42265625 0.5078125 0.053125 0.0625
0 0.46015625 0.40546875 0.065625 0.0609375
0 0.49921875 0.45 0.046875 0.0578125
0 0.48515625 0.54765625 0.065625 0.0765625
0 0.58515625 0.4796875 0.053125 0.0546875
0 0.55859375 0.66015625 0.059375 0.0734375
0 0.65859375 0.70390625 0.05625 0.046875
0 0.71640625 0.52578125 0.0671875 0.0515625
0 0.68828125 0.48046875 0.05 0.05625
0 0.821875 0.40625 0.053125 0.05
0 0.7890625 0.5546875 0.0625 0.059375
0 0.87421875 0.45546875 0.053125 0.071875
0 0.9703125 0.35625 0.059375 0.0625