0 0.06953125 0.78828125 0.096875 0.10625
0 0.159375 0.6703125 0.065625 0.1015625
0 0.27421875 0.62734375 0.090625 0.1390625
0 0.28046875 0.49296875 0.0875 0.11875
0 0.4015625 0.48046875 0.1015625 0.1171875
0 0.35625 0.72734375 0.0953125 0.14375
0 0.4671875 0.67578125 0.1015625 0.096875
0 0.5421875 0.51640625 0.1 0.140625
0 0.55625 0.340625 0.096875 0.1234375
0 0.75625 0.12578125 0.1640625 0.128125
0 0.88828125 0.24296875 0.10625 0.1265625
0 0.7546875 0.32734375 0.128125 0.1515625
0 0.671875 0.453125 0.1015625 0.1421875
0 0.79453125 0.603125 0.1328125 0.1421875
0 0.89453125 0.44296875 0.1171875 0.1625