0 0.03828125 0.26796875 0.0421875 0.065625
0 0.11171875 0.421875 0.0359375 0.0796875
0 0.090625 0.275 0.025 0.1109375
0 0.1375 0.27265625 0.0296875 0.0671875
0 0.1515625 0.365625 0.0234375 0.0609375
0 0.209375 0.25234375 0.0328125 0.0734375
0 0.21640625 0.3421875 0.025 0.06875
0 0.17109375 0.4671875 0.0375 0.0625
0 0.24921875 0.5375 0.0421875 0.0953125
0 0.29921875 0.4390625 0.0296875 0.084375
0 0.33671875 0.51328125 0.0375 0.0546875
0 0.2671875 0.48828125 0.034375 0.10625
0 0.2609375 0.3046875 0.040625 0.05625
0 0.3125 0.25625 0.0421875 0.08125
0 0.34140625 0.203125 0.040625 0.0671875
0 0.33046875 0.34453125 0.034375 0.090625
0 0.40703125 0.2984375 0.03125 0.0609375
0 0.4796875 0.29609375 0.0515625 0.0625
0 0.4265625 0.4421875 0.0328125 0.0859375
0 0.53671875 0.4359375 0.0359375 0.0546875
0 0.56875 0.39921875 0.0359375 0.0890625
0 0.665625 0.2921875 0.0265625 0.0765625
0 0.69453125 0.51015625 0.03125 0.0703125
0 0.76640625 0.49453125 0.034375 0.0953125
0 0.740625 0.4546875 0.034375 0.05625
0 0.80546875 0.275 0.0359375 0.0640625
0 0.93984375 0.3875 0.0421875 0.0703125
0 0.85859375 0.4640625 0.03125 0.0515625
0 0.81796875 0.51015625 0.025 0.0671875
0 0.83984375 0.76484375 0.0234375 0.09375
0 0.8828125 0.603125 0.0359375 0.05625
0 0.8875 0.68515625 0.034375 0.0625
0 0.8515625 0.7140625 0.0359375 0.0875
0 0.9171875 0.64140625 0.040625 0.059375
0 0.978125 0.6609375 0.0296875 0.0671875