0 0.17890625 0.3171875 0.065625 0.0578125
0 0.19375 0.41953125 0.0453125 0.0390625
0 0.165625 0.490625 0.0359375 0.046875
0 0.25234375 0.50625 0.05 0.0359375
0 0.29453125 0.55546875 0.04375 0.04375
0 0.26796875 0.58359375 0.0453125 0.0359375
0 0.2296875 0.75859375 0.0296875 0.0453125
0 0.3796875 0.6375 0.03125 0.028125
0 0.365625 0.503125 0.0375 0.040625
0 0.35078125 0.3828125 0.0359375 0.046875
0 0.37421875 0.471875 0.046875 0.0375
0 0.52109375 0.49296875 0.0421875 0.05
0 0.55 0.42890625 0.0421875 0.046875
0 0.75703125 0.33359375 0.04375 0.040625
0 0.603125 0.2828125 0.05 0.0390625
0 0.853125 0.09140625 0.046875 0.053125