0 0.17578125 0.80234375 0.078125 0.1359375
0 0.140625 0.684375 0.0953125 0.109375
0 0.1859375 0.52890625 0.0921875 0.1359375
0 0.2078125 0.64609375 0.0921875 0.1078125
0 0.2890625 0.4328125 0.0984375 0.1078125
0 0.27265625 0.61796875 0.0609375 0.1046875
0 0.353125 0.6828125 0.0890625 0.078125
0 0.3703125 0.5296875 0.084375 0.0890625
0 0.47734375 0.6125 0.0875 0.0953125
0 0.4421875 0.453125 0.0921875 0.121875
0 0.5953125 0.37578125 0.1171875 0.109375
0 0.5421875 0.51953125 0.0859375 0.1015625
0 0.678125 0.59765625 0.1109375 0.153125
0 0.67265625 0.4234375 0.0921875 0.1046875
0 0.78671875 0.43828125 0.08125 0.1
0 0.8546875 0.34765625 0.09375 0.1078125
0 0.77578125 0.26484375 0.0890625 0.1109375
0 0.87109375 0.21875 0.09375 0.096875
0 0.82890625 0.10234375 0.1296875 0.1015625