0 0.15859375 0.4453125 0.0484375 0.0671875
0 0.24375 0.4171875 0.0703125 0.0734375
0 0.3484375 0.08125 0.0640625 0.059375
0 0.8546875 0.10625 0.0671875 0.0890625
0 0.83046875 0.30625 0.065625 0.090625
0 0.9484375 0.40390625 0.0625 0.071875
0 0.68125 0.5 0.0546875 0.05
0 0.584375 0.39296875 0.040625 0.0609375
0 0.596875 0.596875 0.0609375 0.059375
0 0.50859375 0.51640625 0.0578125 0.0546875
0 0.384375 0.59921875 0.046875 0.0640625
0 0.3390625 0.578125 0.059375 0.0484375
0 0.359375 0.37890625 0.0578125 0.06875
0 0.459375 0.3265625 0.0421875 0.071875
0 0.50546875 0.3796875 0.0640625 0.0671875