0 0.0984375 0.69609375 0.1109375 0.11875
0 0.1375 0.51171875 0.0953125 0.1078125
0 0.27421875 0.50390625 0.1015625 0.1265625
0 0.31796875 0.33515625 0.109375 0.1359375
0 0.3890625 0.48359375 0.10625 0.1375
0 0.34296875 0.69765625 0.0984375 0.1453125
0 0.52890625 0.59375 0.1109375 0.1484375
0 0.52578125 0.32265625 0.103125 0.1140625
0 0.678125 0.38984375 0.0921875 0.128125
0 0.66640625 0.553125 0.1234375 0.109375
0 0.83515625 0.41796875 0.096875 0.128125
0 0.73828125 0.228125 0.1109375 0.13125
0 0.884375 0.2234375 0.1265625 0.1203125