0 0.03046875 0.16953125 0.0609375 0.1109375
0 0.23125 0.11953125 0.125 0.1109375
0 0.13828125 0.209375 0.128125 0.153125
0 0.0859375 0.3265625 0.1 0.1203125
0 0.19296875 0.44765625 0.09375 0.1265625
0 0.25234375 0.26953125 0.09375 0.115625
0 0.3078125 0.3859375 0.1078125 0.1546875
0 0.41171875 0.39296875 0.1 0.1234375
0 0.55546875 0.45078125 0.1015625 0.121875
0 0.7171875 0.5078125 0.1078125 0.1015625
0 0.9375 0.60078125 0.0984375 0.121875
0 0.84765625 0.7296875 0.090625 0.11875
0 0.7125 0.65390625 0.1078125 0.1125
0 0.6234375 0.79609375 0.1015625 0.1421875
0 0.55 0.640625 0.1171875 0.1609375
0 0.39921875 0.62109375 0.1046875 0.1296875