0 0.109375 0.2984375 0.08125 0.0890625
0 0.27109375 0.16875 0.0765625 0.0984375
0 0.31796875 0.12421875 0.0984375 0.15
0 0.32578125 0.33671875 0.0765625 0.071875
0 0.2375 0.440625 0.1046875 0.0953125
0 0.3734375 0.50859375 0.096875 0.1
0 0.5015625 0.503125 0.1 0.0828125
0 0.4515625 0.28984375 0.075 0.0953125
0 0.5296875 0.353125 0.0890625 0.084375
0 0.66796875 0.38359375 0.0703125 0.075
0 0.765625 0.34375 0.075 0.0828125
0 0.64921875 0.475 0.0796875 0.103125
0 0.79921875 0.60625 0.09375 0.1078125
0 0.803125 0.48828125 0.0640625 0.0890625
0 0.90625 0.49375 0.08125 0.115625