0 0.1859375 0.3828125 0.121875 0.090625
0 0.29296875 0.5296875 0.08125 0.084375
0 0.04296875 0.49375 0.078125 0.0546875
0 0.4171875 0.49375 0.084375 0.09375
0 0.52734375 0.48515625 0.1171875 0.0609375
0 0.5421875 0.396875 0.1 0.0890625
0 0.61796875 0.5109375 0.1140625 0.121875
0 0.68203125 0.5015625 0.090625 0.1078125
0 0.69453125 0.55390625 0.078125 0.075
0 0.7328125 0.621875 0.0890625 0.0921875
0 0.775 0.53046875 0.0796875 0.0921875
0 0.8390625 0.51796875 0.09375 0.0984375
0 0.834375 0.66953125 0.078125 0.09375