0 0.51171875 0.13359375 0.040625 0.0828125
0 0.8125 0.175 0.034375 0.0828125
0 0.56796875 0.20625 0.0609375 0.0640625
0 0.38515625 0.2890625 0.0390625 0.084375
0 0.44375 0.37578125 0.053125 0.0734375
0 0.28203125 0.48515625 0.0328125 0.0703125
0 0.140625 0.7109375 0.0390625 0.10625
0 0.2375 0.73359375 0.034375 0.0671875
0 0.3078125 0.66015625 0.040625 0.0921875
0 0.4484375 0.609375 0.04375 0.065625
0 0.54921875 0.6421875 0.0375 0.0734375
0 0.5625 0.73359375 0.0484375 0.0953125
0 0.47890625 0.69609375 0.03125 0.078125
0 0.37265625 0.76328125 0.0453125 0.071875