0 0.52421875 0.134375 0.0375 0.08125
0 0.8234375 0.1859375 0.03125 0.08125
0 0.578125 0.20859375 0.059375 0.0625
0 0.39296875 0.28515625 0.0359375 0.0828125
0 0.4484375 0.37421875 0.05 0.071875
0 0.2828125 0.47734375 0.0296875 0.06875
0 0.13359375 0.6984375 0.0359375 0.1046875
0 0.2296875 0.72421875 0.0328125 0.065625
0 0.30234375 0.653125 0.0375 0.090625
0 0.44453125 0.6078125 0.0421875 0.0640625
0 0.54453125 0.64375 0.034375 0.071875
0 0.5546875 0.7359375 0.0453125 0.09375
0 0.471875 0.6953125 0.028125 0.0765625
0 0.36328125 0.75859375 0.0421875 0.0703125