0 0.24609375 0.54921875 0.04375 0.08125
0 0.3046875 0.4390625 0.0328125 0.0734375
0 0.3859375 0.33671875 0.0375 0.0765625
0 0.4734375 0.23828125 0.04375 0.0921875
0 0.5140625 0.16328125 0.04375 0.084375
0 0.56015625 0.0796875 0.0328125 0.0796875
0 0.346875 0.5484375 0.040625 0.059375
0 0.45625 0.5515625 0.0328125 0.065625
0 0.53203125 0.55546875 0.0328125 0.0546875
0 0.5828125 0.58203125 0.0296875 0.0671875
0 0.66796875 0.58359375 0.0359375 0.0796875
0 0.81484375 0.55703125 0.0328125 0.084375
0 0.9078125 0.5453125 0.0359375 0.0859375