0 0.4078125 0.64296875 0.0640625 0.084375
0 0.5875 0.48671875 0.05625 0.0640625
0 0.6015625 0.55078125 0.05 0.059375
0 0.6359375 0.60234375 0.0734375 0.0640625
0 0.64375 0.646875 0.0484375 0.05625
0 0.60703125 0.721875 0.0734375 0.0609375
0 0.578125 0.88828125 0.053125 0.0546875
0 0.53515625 0.84296875 0.0453125 0.0390625
0 0.78125 0.31171875 0.0734375 0.0734375
0 0.78125 0.371875 0.065625 0.0578125
0 0.9234375 0.4390625 0.08125 0.05625
0 0.82578125 0.50859375 0.084375 0.0625
0 0.81875 0.55859375 0.0734375 0.0609375
0 0.87578125 0.715625 0.0640625 0.0671875
0 0.715625 0.46015625 0.0671875 0.0546875
0 0.67890625 0.51328125 0.065625 0.059375
0 0.72265625 0.74453125 0.0640625 0.0625
0 0.73046875 0.80703125 0.0671875 0.0515625
0 0.6875 0.85859375 0.0640625 0.0671875