0 0.940625 0.12265625 0.10625 0.153125
0 0.82578125 0.18515625 0.078125 0.1125
0 0.67734375 0.2078125 0.1265625 0.1734375
0 0.4484375 0.2703125 0.1078125 0.140625
0 0.16875 0.12734375 0.09375 0.11875
0 0.04453125 0.37109375 0.0796875 0.1375
0 0.29765625 0.55625 0.109375 0.14375
0 0.11796875 0.596875 0.1078125 0.1328125
0 0.74140625 0.434375 0.1 0.121875
0 0.95234375 0.365625 0.0953125 0.11875
0 0.92109375 0.528125 0.115625 0.190625
0 0.92890625 0.7734375 0.096875 0.14375
0 0.79453125 0.60078125 0.10625 0.09375
0 0.86640625 0.52421875 0.109375 0.1203125
0 0.61796875 0.61796875 0.075 0.1703125
0 0.5640625 0.6109375 0.0828125 0.134375
0 0.76015625 0.69296875 0.084375 0.13125
0 0.80625 0.74296875 0.06875 0.1
0 0.71953125 0.8328125 0.09375 0.1125
0 0.6359375 0.81796875 0.1203125 0.1421875
0 0.50546875 0.91640625 0.1296875 0.1359375
0 0.784375 0.95546875 0.065625 0.0734375
0 0.75703125 0.96953125 0.0984375 0.0609375
0 0.87578125 0.99140625 0.0734375 0.0171875
0 0.11953125 0.715625 0.08125 0.1015625