0 0.02734375 0.13671875 0.0328125 0.084375
0 0.1078125 0.1578125 0.0421875 0.0671875
0 0.16640625 0.1796875 0.034375 0.0671875
0 0.23984375 0.20078125 0.04375 0.078125
0 0.2921875 0.21953125 0.028125 0.078125
0 0.33828125 0.24609375 0.0578125 0.0734375
0 0.425 0.25390625 0.05 0.0890625
0 0.48203125 0.3 0.0546875 0.084375
0 0.54453125 0.32109375 0.046875 0.084375
0 0.5890625 0.35 0.046875 0.084375
0 0.65703125 0.371875 0.05 0.0890625
0 0.7203125 0.40703125 0.03125 0.078125
0 0.69453125 0.44453125 0.034375 0.0671875
0 0.621875 0.4796875 0.0375 0.0671875
0 0.5734375 0.51875 0.04375 0.078125
0 0.525 0.56328125 0.0421875 0.0671875
0 0.496875 0.59296875 0.04375 0.0890625
0 0.459375 0.62421875 0.04375 0.078125
0 0.434375 0.6640625 0.0546875 0.084375