0 0.86953125 0.2078125 0.05703125 0.071875
0 0.80859375 0.23828125 0.04921875 0.07734375
0 0.75234375 0.28671875 0.04375 0.0609375
0 0.70390625 0.26796875 0.04453125 0.05546875
0 0.665625 0.275 0.04296875 0.06796875
0 0.2765625 0.35078125 0.04140625 0.05625
0 0.22265625 0.3171875 0.0484375 0.06796875
0 0.16484375 0.35 0.04453125 0.0578125
0 0.11328125 0.4515625 0.03671875 0.0546875
0 0.29375 0.4890625 0.0515625 0.0765625
0 0.24609375 0.45703125 0.04296875 0.06484375
0 0.21328125 0.559375 0.05078125 0.0484375
0 0.14140625 0.58515625 0.05078125 0.05390625
0 0.19140625 0.4859375 0.05 0.0453125
0 0.19296875 0.425 0.0546875 0.05390625