0 0.8265625 0.03203125 0.08125 0.0640625
0 0.740625 0.05 0.075 0.1
0 0.665625 0.1234375 0.0875 0.09375
0 0.81015625 0.46640625 0.0859375 0.0765625
0 0.51953125 0.29296875 0.0875 0.0828125
0 0.321875 0.2328125 0.084375 0.0828125
0 0.18203125 0.0921875 0.090625 0.0703125
0 0.12265625 0.12734375 0.078125 0.0734375
0 0.08515625 0.42109375 0.09375 0.065625
0 0.22421875 0.459375 0.0859375 0.0953125
0 0.5046875 0.40625 0.084375 0.0734375
0 0.39609375 0.521875 0.0828125 0.0515625
0 0.51796875 0.5203125 0.078125 0.065625
0 0.77265625 0.68671875 0.1015625 0.084375
0 0.62734375 0.6390625 0.071875 0.08125
0 0.5671875 0.61953125 0.0890625 0.0734375
0 0.60546875 0.79296875 0.0734375 0.0671875
0 0.5703125 0.8421875 0.06875 0.0765625
0 0.82890625 0.92890625 0.078125 0.0671875
0 0.65859375 0.95546875 0.0953125 0.0734375
0 0.53359375 0.959375 0.0796875 0.08125
0 0.41640625 0.85234375 0.075 0.0625
0 0.3421875 0.8078125 0.0765625 0.0546875
0 0.2546875 0.6296875 0.0796875 0.0625
0 0.1796875 0.67890625 0.078125 0.0609375
0 0.06640625 0.67734375 0.0890625 0.0578125
0 0.0421875 0.7125 0.0546875 0.04375
0 0.046875 0.7859375 0.053125 0.075
0 0.234375 0.77109375 0.0875 0.0515625
0 0.19375 0.9078125 0.071875 0.071875
0 0.0546875 0.9125 0.046875 0.0796875