0 0.83671875 0.17109375 0.0640625 0.078125
0 0.7796875 0.2078125 0.0578125 0.0828125
0 0.72890625 0.26171875 0.05 0.065625
0 0.67890625 0.24765625 0.05 0.059375
0 0.64140625 0.25859375 0.05 0.071875
0 0.2625 0.375 0.046875 0.0609375
0 0.2046875 0.346875 0.0546875 0.0734375
0 0.15078125 0.3859375 0.05 0.0625
0 0.11015625 0.4921875 0.0421875 0.0578125
0 0.29375 0.5109375 0.059375 0.08125
0 0.24296875 0.48359375 0.05 0.06875
0 0.22109375 0.5890625 0.05625 0.053125
0 0.15234375 0.621875 0.05625 0.059375
0 0.19140625 0.51796875 0.0546875 0.05
0 0.18671875 0.4578125 0.059375 0.059375