0 0.8921875 0.18515625 0.0703125 0.071875
0 0.78125 0.27265625 0.0640625 0.084375
0 0.87734375 0.32578125 0.075 0.0640625
0 0.73046875 0.33828125 0.065625 0.0921875
0 0.66015625 0.29296875 0.059375 0.0671875
0 0.65078125 0.23046875 0.0703125 0.0765625
0 0.73515625 0.2171875 0.0703125 0.0796875
0 0.55234375 0.40078125 0.05 0.090625
0 0.4625 0.4265625 0.0578125 0.0546875
0 0.39921875 0.4828125 0.05625 0.0953125
0 0.46171875 0.52109375 0.0734375 0.05625
0 0.46015625 0.56484375 0.078125 0.05625
0 0.50390625 0.60390625 0.0640625 0.053125
0 0.4953125 0.65234375 0.065625 0.046875
0 0.2703125 0.528125 0.0765625 0.096875
0 0.24609375 0.609375 0.103125 0.0625
0 0.21484375 0.76953125 0.0890625 0.08125
0 0.26875 0.88046875 0.059375 0.0578125
0 0.340625 0.87421875 0.0625 0.065625
0 0.528125 0.88203125 0.05625 0.0609375
0 0.9140625 0.7859375 0.065625 0.0671875
0 0.81484375 0.825 0.065625 0.0921875
0 0.778125 0.828125 0.0375 0.0828125