0 0.84921875 0.11640625 0.134375 0.0828125
0 0.7453125 0.28828125 0.10625 0.0578125
0 0.73203125 0.35 0.0671875 0.0390625
0 0.65390625 0.31640625 0.121875 0.0625
0 0.5765625 0.35 0.1 0.06875
0 0.51015625 0.3765625 0.0953125 0.0578125
0 0.74375 0.4125 0.0734375 0.0578125
0 0.6796875 0.44296875 0.1 0.046875
0 0.61796875 0.48359375 0.0953125 0.0546875
0 0.72734375 0.49140625 0.1109375 0.0609375
0 0.4953125 0.48359375 0.0515625 0.059375
0 0.5625 0.496875 0.075 0.071875
0 0.4484375 0.4203125 0.078125 0.04375
0 0.36796875 0.4515625 0.1 0.0515625
0 0.321875 0.4875 0.1 0.05
0 0.22578125 0.52734375 0.1 0.04375
0 0.14921875 0.61640625 0.0671875 0.0421875
0 0.1546875 0.6703125 0.1 0.0515625
0 0.06015625 0.6515625 0.0625 0.05625
0 0.06875 0.70703125 0.10625 0.0578125
0 0.6953125 0.5453125 0.0890625 0.05
0 0.71796875 0.60078125 0.0734375 0.0390625
0 0.71875 0.6515625 0.0734375 0.05
0 0.73359375 0.70859375 0.0953125 0.0390625
0 0.7125 0.75546875 0.121875 0.053125
0 0.70859375 0.796875 0.0453125 0.03125
0 0.6390625 0.8171875 0.0890625 0.04375
0 0.6640625 0.875 0.078125 0.04375
0 0.66796875 0.92109375 0.0890625 0.046875
0 0.63125 0.971875 0.078125 0.0515625
0 0.3890625 0.846875 0.0625 0.034375
0 0.42890625 0.8921875 0.05625 0.028125
0 0.41640625 0.9359375 0.0671875 0.03125
0 0.38515625 0.890625 0.071875 0.0359375
0 0.30625 0.86640625 0.078125 0.040625
0 0.2078125 0.8828125 0.078125 0.0328125
0 0.2171875 0.921875 0.0671875 0.0390625
0 0.18671875 0.95078125 0.05625 0.03125
0 0.1328125 0.909375 0.05625 0.028125
0 0.1203125 0.9609375 0.0546875 0.0234375
0 0.03515625 0.953125 0.0671875 0.0421875