0 0.203125 0.15859375 0.0859375 0.0890625
0 0.3046875 0.18671875 0.071875 0.08125
0 0.34375 0.2890625 0.0484375 0.0578125
0 0.3109375 0.40625 0.0734375 0.0671875
0 0.09375 0.5109375 0.071875 0.08125
0 0.26015625 0.77578125 0.0703125 0.0609375
0 0.32578125 0.76484375 0.06875 0.0703125
0 0.43203125 0.67734375 0.0515625 0.0484375
0 0.37734375 0.5828125 0.0609375 0.075
0 0.4546875 0.578125 0.0609375 0.0765625
0 0.4390625 0.4890625 0.0734375 0.065625
0 0.4375 0.3765625 0.08125 0.071875
0 0.45703125 0.28515625 0.08125 0.0609375
0 0.421875 0.22734375 0.071875 0.0765625
0 0.60546875 0.2 0.078125 0.0921875
0 0.884375 0.19296875 0.0859375 0.078125
0 0.721875 0.4015625 0.075 0.078125
0 0.6265625 0.340625 0.0703125 0.0546875
0 0.5875 0.44453125 0.090625 0.040625
0 0.50703125 0.4046875 0.071875 0.071875
0 0.56171875 0.5 0.0515625 0.0625
0 0.5375 0.5578125 0.0546875 0.0484375
0 0.51171875 0.66015625 0.053125 0.059375
0 0.61796875 0.740625 0.0734375 0.05625
0 0.64453125 0.61953125 0.0875 0.065625
0 0.75234375 0.5765625 0.08125 0.0671875
0 0.665625 0.47890625 0.06875 0.0703125
0 0.7203125 0.4640625 0.0578125 0.0703125
0 0.84375 0.57421875 0.0625 0.0640625
0 0.88828125 0.528125 0.0625 0.059375
0 0.94296875 0.57734375 0.0609375 0.0703125
0 0.8796875 0.79140625 0.071875 0.08125
0 0.7578125 0.8875 0.0609375 0.04375
0 0.71796875 0.8234375 0.0734375 0.05625