0 0.434375 0.6578125 0.0484375 0.0484375
0 0.44921875 0.628125 0.040625 0.06875
0 0.48671875 0.59453125 0.0375 0.078125
0 0.51796875 0.56171875 0.046875 0.090625
0 0.56171875 0.52890625 0.0484375 0.0796875
0 0.6203125 0.48984375 0.05 0.0859375
0 0.696875 0.45625 0.028125 0.05625
0 0.72265625 0.428125 0.0484375 0.06875
0 0.6609375 0.39921875 0.05 0.0578125
0 0.59140625 0.36171875 0.0359375 0.0515625
0 0.55078125 0.32265625 0.0375 0.0671875
0 0.48359375 0.29921875 0.040625 0.0640625
0 0.4296875 0.259375 0.0609375 0.0859375
0 0.36015625 0.24140625 0.05625 0.06875
0 0.30390625 0.21015625 0.0484375 0.0640625
0 0.2484375 0.18125 0.0546875 0.0578125
0 0.1828125 0.17109375 0.065625 0.08125
0 0.1328125 0.14296875 0.05625 0.0796875
0 0.05 0.128125 0.0578125 0.1234375