0 0.08828125 0.95 0.0890625 0.1
0 0.1515625 0.8734375 0.0953125 0.0984375
0 0.1265625 0.6671875 0.096875 0.109375
0 0.0625 0.47109375 0.109375 0.0984375
0 0.1703125 0.45234375 0.125 0.1265625
0 0.1875 0.54609375 0.08125 0.08125
0 0.18671875 0.6140625 0.0796875 0.0921875
0 0.27421875 0.70859375 0.0828125 0.0859375
0 0.4125 0.771875 0.06875 0.103125
0 0.78984375 0.7828125 0.1125 0.0953125
0 0.26796875 0.5625 0.084375 0.0703125
0 0.271875 0.4375 0.0765625 0.0859375
0 0.31796875 0.49921875 0.0640625 0.0796875
0 0.3921875 0.32578125 0.1125 0.1
0 0.43359375 0.415625 0.0890625 0.0875
0 0.40703125 0.5359375 0.06875 0.0859375
0 0.49609375 0.5484375 0.06875 0.0921875
0 0.5484375 0.5265625 0.0515625 0.0625
0 0.51328125 0.4828125 0.078125 0.075
0 0.5671875 0.48203125 0.0828125 0.096875
0 0.675 0.4875 0.059375 0.06875
0 0.74609375 0.3453125 0.1265625 0.0734375
0 0.7046875 0.40390625 0.0984375 0.0984375
0 0.7671875 0.4515625 0.0640625 0.08125
0 0.8375 0.46875 0.0625 0.059375
0 0.84375 0.39765625 0.0890625 0.065625
0 0.9359375 0.35078125 0.0953125 0.0609375