0 0.0953125 0.05390625 0.11875 0.1078125
0 0.12265625 0.15390625 0.1109375 0.128125
0 0.2609375 0.23671875 0.096875 0.1
0 0.21328125 0.2875 0.0921875 0.0890625
0 0.3234375 0.321875 0.103125 0.078125
0 0.4609375 0.1546875 0.1109375 0.084375
0 0.5515625 0.253125 0.1 0.0890625
0 0.65078125 0.28359375 0.084375 0.078125
0 0.8515625 0.2828125 0.1 0.0734375
0 0.9046875 0.44140625 0.103125 0.078125
0 0.80390625 0.48125 0.11875 0.1171875
0 0.70703125 0.421875 0.1078125 0.1
0 0.6390625 0.434375 0.0984375 0.1390625
0 0.52109375 0.44296875 0.0859375 0.0890625
0 0.4734375 0.384375 0.078125 0.10625
0 0.38203125 0.3859375 0.121875 0.078125