0 0.39609375 0.63359375 0.0625 0.084375
0 0.58984375 0.72109375 0.0703125 0.08125
0 0.50625 0.8453125 0.0765625 0.0546875
0 0.54296875 0.88046875 0.0625 0.06875
0 0.66484375 0.871875 0.05625 0.0796875
0 0.7078125 0.821875 0.0625 0.0640625
0 0.7046875 0.76015625 0.059375 0.0734375
0 0.865625 0.728125 0.0859375 0.075
0 0.9265625 0.4484375 0.08125 0.065625
0 0.79765625 0.33046875 0.075 0.0796875
0 0.584375 0.4859375 0.0640625 0.096875
0 0.68125 0.53671875 0.0609375 0.096875
0 0.71328125 0.471875 0.084375 0.0765625
0 0.7875 0.3921875 0.05625 0.075
0 0.8140625 0.5296875 0.0828125 0.0484375
0 0.815625 0.58203125 0.09375 0.0609375
0 0.6328125 0.65546875 0.0625 0.0640625
0 0.62265625 0.6 0.0921875 0.059375
0 0.58671875 0.56484375 0.0890625 0.065625