0 0.36953125 0.05703125 0.0734375 0.0796875
0 0.3609375 0.13359375 0.065625 0.0625
0 0.31953125 0.234375 0.0734375 0.0859375
0 0.31484375 0.32578125 0.0796875 0.065625
0 0.2859375 0.39375 0.071875 0.05625
0 0.2703125 0.4671875 0.0671875 0.0640625
0 0.28984375 0.5140625 0.0671875 0.059375
0 0.2375 0.59375 0.0765625 0.05625
0 0.23984375 0.65390625 0.071875 0.0703125
0 0.1953125 0.72734375 0.059375 0.06875
0 0.15859375 0.790625 0.059375 0.0640625
0 0.1390625 0.846875 0.0625 0.05
0 0.11484375 0.91328125 0.059375 0.0453125
0 0.21171875 0.85390625 0.0515625 0.06875
0 0.29765625 0.8484375 0.0546875 0.06875
0 0.38984375 0.77734375 0.059375 0.0625
0 0.48125 0.71484375 0.0609375 0.0734375
0 0.5546875 0.69296875 0.0609375 0.0734375
0 0.63125 0.66328125 0.0515625 0.0546875
0 0.69921875 0.60859375 0.0671875 0.0640625
0 0.803125 0.5640625 0.059375 0.0640625
0 0.91953125 0.4828125 0.065625 0.0734375